{
    "sfm_data_version": "0.3",
    "root_path": "/home/chung/extlink/dataset/OmniScenes_ver1_1_release/turtlebot_pano/turtlebot_room_1_scene_1/images",
    "views": [],
    "intrinsics": [],
    "extrinsics": [
        {
            "key": 18,
            "value": {
                "rotation": [
                    [
                        0.7771379569077527,
                        0.07112971756143868,
                        -0.6252976564907898
                    ],
                    [
                        -0.03516186822289135,
                        0.996947701418076,
                        0.06970598008988034
                    ],
                    [
                        0.628347228016739,
                        -0.03218452915369015,
                        0.7772669535795507
                    ]
                ],
                "center": [
                    -0.09907934357867669,
                    -0.014719526466023009,
                    1.5463301161798715
                ]
            }
        },
        {
            "key": 17,
            "value": {
                "rotation": [
                    [
                        0.8307549043676011,
                        0.055201806151892279,
                        -0.5538944389202214
                    ],
                    [
                        -0.02452215742148043,
                        0.9977338771221712,
                        0.06265599921920027
                    ],
                    [
                        0.5560979703834335,
                        -0.038469092013318977,
                        0.8302259790533519
                    ]
                ],
                "center": [
                    -0.31954036624693307,
                    0.0018036025527460606,
                    1.283807009190394
                ]
            }
        },
        {
            "key": 16,
            "value": {
                "rotation": [
                    [
                        0.953661661606055,
                        0.0380670433117457,
                        -0.29846328986372835
                    ],
                    [
                        -0.02117947013239175,
                        0.9979967647217766,
                        0.059614491944309757
                    ],
                    [
                        0.30013474511907048,
                        -0.050530761110127008,
                        0.9525574927288861
                    ]
                ],
                "center": [
                    -0.6025286291417052,
                    0.0021050332790733589,
                    1.0277113752339558
                ]
            }
        },
        {
            "key": 15,
            "value": {
                "rotation": [
                    [
                        0.9998799654894103,
                        0.01523261913479681,
                        0.0028323006884956034
                    ],
                    [
                        -0.01537522468239247,
                        0.9980777858995006,
                        0.06003612046024101
                    ],
                    [
                        -0.0019123490428736984,
                        -0.06007246131335757,
                        0.9981921870626385
                    ]
                ],
                "center": [
                    -0.782277692555188,
                    0.023231279200174164,
                    0.7432468039423328
                ]
            }
        },
        {
            "key": 19,
            "value": {
                "rotation": [
                    [
                        0.8567241869416717,
                        0.0769055357786987,
                        -0.5100090254845719
                    ],
                    [
                        -0.045921460118869519,
                        0.9962675835567585,
                        0.0730898177212684
                    ],
                    [
                        0.5137264710034734,
                        -0.039197455536915368,
                        0.8570581499931897
                    ]
                ],
                "center": [
                    0.00923048469363678,
                    -0.03149808202997046,
                    1.8818810501516735
                ]
            }
        },
        {
            "key": 6,
            "value": {
                "rotation": [
                    [
                        0.9589652955609686,
                        0.07801230872881147,
                        -0.27257960598046346
                    ],
                    [
                        -0.06288679673849007,
                        0.9959789043112082,
                        0.06380652758940153
                    ],
                    [
                        0.2764612318312206,
                        -0.044046587312138407,
                        0.9600151485474165
                    ]
                ],
                "center": [
                    0.0140194359182918,
                    0.0936769654565744,
                    -0.06896317558469767
                ]
            }
        },
        {
            "key": 10,
            "value": {
                "rotation": [
                    [
                        0.456360110920172,
                        -0.0130617687934926,
                        0.8896992971543326
                    ],
                    [
                        -0.04956115111030512,
                        0.9979668555299583,
                        0.04007302788994654
                    ],
                    [
                        -0.8884138345734771,
                        -0.06238225276176129,
                        0.454784908587365
                    ]
                ],
                "center": [
                    -0.926857209586908,
                    0.03638563529465698,
                    0.4837096972804728
                ]
            }
        },
        {
            "key": 39,
            "value": {
                "rotation": [
                    [
                        -0.2421060020945839,
                        -0.04342731155047256,
                        0.9692774382813599
                    ],
                    [
                        -0.013909678490890273,
                        0.9990505055861073,
                        0.041286900252059787
                    ],
                    [
                        -0.970150093848399,
                        -0.003486531176063388,
                        -0.24248018373941603
                    ]
                ],
                "center": [
                    1.847277672188419,
                    0.08718660176520779,
                    0.9642492131621545
                ]
            }
        },
        {
            "key": 13,
            "value": {
                "rotation": [
                    [
                        0.5326228442145019,
                        -0.04314654944242819,
                        0.8452521996966743
                    ],
                    [
                        -0.02534030914801392,
                        0.9974389969922726,
                        0.06688285289468669
                    ],
                    [
                        -0.8459732705902341,
                        -0.05704228738630068,
                        0.530165448606943
                    ]
                ],
                "center": [
                    -0.9235384711933918,
                    0.03611478399420855,
                    0.49191083202431787
                ]
            }
        },
        {
            "key": 9,
            "value": {
                "rotation": [
                    [
                        0.6454111553476595,
                        0.0039814056118417759,
                        0.7638249727274917
                    ],
                    [
                        -0.052070164919946228,
                        0.9978895414606479,
                        0.038796404068773989
                    ],
                    [
                        -0.7620584875703499,
                        -0.06481212427325597,
                        0.6442563543102847
                    ]
                ],
                "center": [
                    -0.6759356517696143,
                    0.048268903210327899,
                    0.4386922592543193
                ]
            }
        },
        {
            "key": 14,
            "value": {
                "rotation": [
                    [
                        0.8606080401914774,
                        -0.029791665525299665,
                        0.5083957688877958
                    ],
                    [
                        -0.005383628835116404,
                        0.9976994751289527,
                        0.06757790961533193
                    ],
                    [
                        -0.5092394502572931,
                        -0.060895106475323129,
                        0.8584678027212255
                    ]
                ],
                "center": [
                    -0.9157684508951371,
                    0.03439801373697973,
                    0.5199053276239101
                ]
            }
        },
        {
            "key": 8,
            "value": {
                "rotation": [
                    [
                        0.9030810003707172,
                        0.0433331875890038,
                        0.42727852932577928
                    ],
                    [
                        -0.06549978793618779,
                        0.9971548272744759,
                        0.03730989444536764
                    ],
                    [
                        -0.4244460914530125,
                        -0.06168050985997322,
                        0.9033498935372022
                    ]
                ],
                "center": [
                    -0.33820683049977237,
                    0.06242988745602694,
                    0.4006797555719601
                ]
            }
        },
        {
            "key": 11,
            "value": {
                "rotation": [
                    [
                        0.36493280348830378,
                        -0.02569337408699704,
                        0.9306792677749907
                    ],
                    [
                        -0.04074573865186529,
                        0.9982206616490414,
                        0.04353499096892017
                    ],
                    [
                        -0.930141835270235,
                        -0.05380856051759514,
                        0.36323656904990078
                    ]
                ],
                "center": [
                    -0.9224682710114655,
                    0.03546760873276345,
                    0.4824103373805545
                ]
            }
        },
        {
            "key": 40,
            "value": {
                "rotation": [
                    [
                        -0.34181993862083506,
                        -0.040221538366022168,
                        0.9389043387974726
                    ],
                    [
                        -0.012674417516834408,
                        0.9991901201392307,
                        0.038189827922614039
                    ],
                    [
                        -0.9396799927112727,
                        0.0011539790381616747,
                        -0.34205289010695696
                    ]
                ],
                "center": [
                    1.516100000904887,
                    0.08627407673464667,
                    0.7844281227048113
                ]
            }
        },
        {
            "key": 7,
            "value": {
                "rotation": [
                    [
                        0.9976273988204077,
                        0.06608176650486528,
                        0.019307336906565336
                    ],
                    [
                        -0.06713446157892125,
                        0.9959249148504057,
                        0.06022066131088625
                    ],
                    [
                        -0.015249170185144564,
                        -0.061373969366569327,
                        0.9979983460371344
                    ]
                ],
                "center": [
                    -0.11734350719756175,
                    0.07118879012934061,
                    0.2547036311121075
                ]
            }
        },
        {
            "key": 21,
            "value": {
                "rotation": [
                    [
                        0.9949751272691414,
                        0.0591240602725675,
                        0.08080124759334971
                    ],
                    [
                        -0.06414661345037139,
                        0.9960716655816578,
                        0.06104464766243331
                    ],
                    [
                        -0.07687462584367244,
                        -0.06592103247270781,
                        0.9948591404712165
                    ]
                ],
                "center": [
                    -0.1870267173481109,
                    -0.07545065639515494,
                    2.5134974292902005
                ]
            }
        },
        {
            "key": 25,
            "value": {
                "rotation": [
                    [
                        0.9573109950470434,
                        0.026392363541830573,
                        -0.287852569744853
                    ],
                    [
                        -0.011590422439348302,
                        0.9985269402619037,
                        0.053005770241342908
                    ],
                    [
                        0.2888274932718786,
                        -0.04740667376938013,
                        0.9562067174060255
                    ]
                ],
                "center": [
                    -0.1355933659425859,
                    -0.07255896410678169,
                    2.5172891354667374
                ]
            }
        },
        {
            "key": 27,
            "value": {
                "rotation": [
                    [
                        0.12829278956060859,
                        0.03565977914578257,
                        -0.9910950208219349
                    ],
                    [
                        -0.018303001836207659,
                        0.9992682692349794,
                        0.03358461290402142
                    ],
                    [
                        0.9915674259829945,
                        0.013831350310190024,
                        0.12885159478274076
                    ]
                ],
                "center": [
                    -0.12163837383815407,
                    -0.0790000640153135,
                    2.4857594412687136
                ]
            }
        },
        {
            "key": 22,
            "value": {
                "rotation": [
                    [
                        0.9591754678875587,
                        0.02638555167066135,
                        0.28157809656597529
                    ],
                    [
                        -0.046132939939975598,
                        0.9969001219062965,
                        0.06373302751090493
                    ],
                    [
                        -0.279023607702247,
                        -0.07412118189995368,
                        0.957419383937142
                    ]
                ],
                "center": [
                    -0.17306620589400163,
                    -0.07212907171685651,
                    2.4930584207546566
                ]
            }
        },
        {
            "key": 26,
            "value": {
                "rotation": [
                    [
                        0.6741172336894774,
                        0.0363885451239263,
                        -0.7377274761228637
                    ],
                    [
                        -0.010368033614017062,
                        0.999153500362903,
                        0.03980937818576325
                    ],
                    [
                        0.7385515954365173,
                        -0.01918740462705913,
                        0.6739238713548085
                    ]
                ],
                "center": [
                    -0.11925801189117755,
                    -0.0750611322667191,
                    2.5022449101158394
                ]
            }
        },
        {
            "key": 24,
            "value": {
                "rotation": [
                    [
                        0.9925732124347135,
                        0.01663226485142002,
                        0.12050637212589706
                    ],
                    [
                        -0.024510430812828628,
                        0.9976365753287794,
                        0.06419113916760087
                    ],
                    [
                        -0.11915392036522551,
                        -0.06666806830992615,
                        0.990635004393354
                    ]
                ],
                "center": [
                    -0.16183499212469175,
                    -0.06738168559382496,
                    2.512945465298182
                ]
            }
        },
        {
            "key": 20,
            "value": {
                "rotation": [
                    [
                        0.9632595388141261,
                        0.0689133369985357,
                        -0.2595804554802292
                    ],
                    [
                        -0.053991540940365009,
                        0.9964760318585562,
                        0.06419058683569251
                    ],
                    [
                        0.2630892897677172,
                        -0.04781704628217788,
                        0.9635857801432969
                    ]
                ],
                "center": [
                    -0.02601454831333138,
                    -0.05136064630763713,
                    2.2155384334276628
                ]
            }
        },
        {
            "key": 41,
            "value": {
                "rotation": [
                    [
                        -0.4688701410134459,
                        -0.03755967873545513,
                        0.8824681645245457
                    ],
                    [
                        -0.008010756159553106,
                        0.999235199558103,
                        0.03827327722876434
                    ],
                    [
                        -0.8832307844792229,
                        0.010875959606722913,
                        -0.4688124303501875
                    ]
                ],
                "center": [
                    1.2379549118298008,
                    0.09813200691791829,
                    0.5389947797966955
                ]
            }
        },
        {
            "key": 28,
            "value": {
                "rotation": [
                    [
                        -0.33853721721865856,
                        0.04325982853778296,
                        -0.9399580521452692
                    ],
                    [
                        -0.0194216915163933,
                        0.9984085534554716,
                        0.05294486080437064
                    ],
                    [
                        0.940752544751535,
                        0.0361793811698562,
                        -0.33715827428920888
                    ]
                ],
                "center": [
                    0.12071921174137311,
                    -0.0494638127516096,
                    2.226971511984874
                ]
            }
        },
        {
            "key": 30,
            "value": {
                "rotation": [
                    [
                        -0.6307001370268713,
                        0.049444151413420418,
                        -0.7744498776843422
                    ],
                    [
                        -0.008945314636720806,
                        0.9974386505223621,
                        0.07096562400330646
                    ],
                    [
                        0.7759750759530463,
                        0.051685726609339188,
                        -0.6286424000690128
                    ]
                ],
                "center": [
                    0.6505510284180553,
                    0.0009699235346663187,
                    1.7217139126443342
                ]
            }
        },
        {
            "key": 31,
            "value": {
                "rotation": [
                    [
                        -0.6003150993286254,
                        0.05426104401981071,
                        -0.7979207483327794
                    ],
                    [
                        -0.011417002714308055,
                        0.9970126879274579,
                        0.0763894767666773
                    ],
                    [
                        0.7996820828098401,
                        0.054967619682367668,
                        -0.5979022722982164
                    ]
                ],
                "center": [
                    0.983703315431785,
                    0.025106019804155796,
                    1.522704021210835
                ]
            }
        },
        {
            "key": 32,
            "value": {
                "rotation": [
                    [
                        -0.494003054524298,
                        0.06863094831336092,
                        -0.8667472382732304
                    ],
                    [
                        -0.011003002337682162,
                        0.9963064565114288,
                        0.08516089861665999
                    ],
                    [
                        0.8693905428863488,
                        0.05160656593156401,
                        -0.4914232862741963
                    ]
                ],
                "center": [
                    1.3124299949962233,
                    0.04256300552714549,
                    1.4221234765941023
                ]
            }
        },
        {
            "key": 29,
            "value": {
                "rotation": [
                    [
                        -0.5508554196554497,
                        0.04348847057197805,
                        -0.8334668917020812
                    ],
                    [
                        -0.0132117697762408,
                        0.9980620029923409,
                        0.06080861223788145
                    ],
                    [
                        0.8344961089038092,
                        0.04450832630225063,
                        -0.5492133038393866
                    ]
                ],
                "center": [
                    0.3760844003071746,
                    -0.027444660315215705,
                    1.9688151621228596
                ]
            }
        }
    ],
    "structure": [],
    "control_points": []
}