{
    "sfm_data_version": "0.3",
    "root_path": "/home/chung/extlink/dataset/OmniScenes_ver1_1_release/turtlebot_pano/turtlebot_room_4_scene_1/images",
    "views": [],
    "intrinsics": [],
    "extrinsics": [
        {
            "key": 66,
            "value": {
                "rotation": [
                    [
                        -0.20590660192751193,
                        -0.014488667214217438,
                        0.97846438351379
                    ],
                    [
                        0.02243738272680199,
                        0.9995576162431377,
                        0.01952269619463049
                    ],
                    [
                        -0.9783143846121432,
                        0.0259740318913428,
                        -0.20549042441990177
                    ]
                ],
                "center": [
                    4.654237600082297,
                    -0.12981012647303304,
                    -0.7476089697685796
                ]
            }
        },
        {
            "key": 7,
            "value": {
                "rotation": [
                    [
                        0.3883173183712846,
                        0.03228814198316459,
                        -0.9209598993116961
                    ],
                    [
                        0.016325760209071357,
                        0.9989881072533096,
                        0.041907411278267348
                    ],
                    [
                        0.9213810991150895,
                        -0.03130874404579256,
                        0.38739725442979686
                    ]
                ],
                "center": [
                    4.412409174066534,
                    -0.1373032962160288,
                    -0.6166741552568037
                ]
            }
        },
        {
            "key": 6,
            "value": {
                "rotation": [
                    [
                        0.34615183416170949,
                        0.043440545185313549,
                        -0.9371722503043328
                    ],
                    [
                        0.012751846487008651,
                        0.998617306191976,
                        0.05099868807188289
                    ],
                    [
                        0.9380918388503634,
                        -0.029603966083688459,
                        0.3451192650004628
                    ]
                ],
                "center": [
                    4.813140220128746,
                    -0.13600794986166407,
                    -0.8171629937368229
                ]
            }
        },
        {
            "key": 65,
            "value": {
                "rotation": [
                    [
                        -0.3258571543657537,
                        -0.014650683711842666,
                        0.9453054915821811
                    ],
                    [
                        0.022682702222898918,
                        0.9994709496695935,
                        0.023309135256989315
                    ],
                    [
                        -0.945146872167771,
                        0.02903753146079869,
                        -0.3253524424345735
                    ]
                ],
                "center": [
                    4.342498580796529,
                    -0.13629769110979529,
                    -0.3705001528023629
                ]
            }
        },
        {
            "key": 4,
            "value": {
                "rotation": [
                    [
                        0.014447618496032534,
                        0.04857544452617416,
                        -0.9987150206684976
                    ],
                    [
                        0.024544531612678005,
                        0.9985010712659554,
                        0.04892010474900607
                    ],
                    [
                        0.9995943338613457,
                        -0.025219771407053887,
                        0.013233701011757748
                    ]
                ],
                "center": [
                    5.6327677120077219,
                    -0.13629379687434468,
                    -1.2374727713650498
                ]
            }
        },
        {
            "key": 63,
            "value": {
                "rotation": [
                    [
                        -0.5274420116684488,
                        0.015383447788221516,
                        0.8494517489894804
                    ],
                    [
                        0.039404747983418007,
                        0.9992030154423225,
                        0.006371794671340205
                    ],
                    [
                        -0.8486767288923995,
                        0.0368331842923941,
                        -0.5276278294132896
                    ]
                ],
                "center": [
                    4.252686448550846,
                    -0.14295568468114093,
                    -0.20786956563848617
                ]
            }
        },
        {
            "key": 5,
            "value": {
                "rotation": [
                    [
                        0.1774438848102771,
                        0.05175387084280274,
                        -0.9827691512233296
                    ],
                    [
                        0.01558651236834424,
                        0.9983432290677727,
                        0.05538824430079484
                    ],
                    [
                        0.9840074839022459,
                        -0.025146248772323324,
                        0.17634323859182089
                    ]
                ],
                "center": [
                    5.241976685985608,
                    -0.14065987595749947,
                    -0.9824804730061628
                ]
            }
        },
        {
            "key": 64,
            "value": {
                "rotation": [
                    [
                        -0.49694279137632638,
                        0.002090057146338985,
                        0.8677807866968651
                    ],
                    [
                        0.032075719705106548,
                        0.9993579832805373,
                        0.01596149926720187
                    ],
                    [
                        -0.8671902964773675,
                        0.03576664527995998,
                        -0.4966907858828399
                    ]
                ],
                "center": [
                    4.265633381847209,
                    -0.13980394351770535,
                    -0.24789258703697523
                ]
            }
        },
        {
            "key": 62,
            "value": {
                "rotation": [
                    [
                        -0.46291126810272517,
                        0.011447521085625724,
                        0.8863307013324773
                    ],
                    [
                        0.03245253116359197,
                        0.9994651106220867,
                        0.0040405284624622258
                    ],
                    [
                        -0.885810358420245,
                        0.030634080860604094,
                        -0.4630351628172778
                    ]
                ],
                "center": [
                    3.9832302125815599,
                    -0.13571047308148313,
                    -0.11638281172498329
                ]
            }
        },
        {
            "key": 8,
            "value": {
                "rotation": [
                    [
                        0.3420394639850765,
                        0.029975714701277538,
                        -0.9392073581509832
                    ],
                    [
                        0.016104192569580616,
                        0.9991572946266396,
                        0.03775388160251195
                    ],
                    [
                        0.9395475826473524,
                        -0.028038493585109734,
                        0.34126849080891477
                    ]
                ],
                "center": [
                    4.047620390583985,
                    -0.12949079136221848,
                    -0.3291410850182377
                ]
            }
        },
        {
            "key": 68,
            "value": {
                "rotation": [
                    [
                        -0.13894739021719913,
                        -0.011720202365707734,
                        0.9902304073337357
                    ],
                    [
                        0.023785945258167224,
                        0.9996019900907502,
                        0.01516872488994061
                    ],
                    [
                        -0.9900140663445165,
                        0.025661220998192789,
                        -0.13861331168714295
                    ]
                ],
                "center": [
                    4.982124364828867,
                    -0.12626624945323154,
                    -1.1279953869750146
                ]
            }
        },
        {
            "key": 9,
            "value": {
                "rotation": [
                    [
                        0.28892029504187347,
                        0.0336948120641133,
                        -0.9567600131448225
                    ],
                    [
                        0.015457078242385732,
                        0.999085985796731,
                        0.03985312681312279
                    ],
                    [
                        0.9572283645218238,
                        -0.026303091539554157,
                        0.288135394442155
                    ]
                ],
                "center": [
                    3.7248016774166277,
                    -0.13226101946381928,
                    -0.06401550746213282
                ]
            }
        },
        {
            "key": 61,
            "value": {
                "rotation": [
                    [
                        -0.44400448433345288,
                        0.0031442375919422968,
                        0.8960190464838067
                    ],
                    [
                        0.029234102217358016,
                        0.9995122957890263,
                        0.010978972360627025
                    ],
                    [
                        -0.8955475337241066,
                        0.0310690253550987,
                        -0.4438798604399107
                    ]
                ],
                "center": [
                    3.5309318885701859,
                    -0.13644467940782527,
                    0.10557108451632606
                ]
            }
        },
        {
            "key": 10,
            "value": {
                "rotation": [
                    [
                        0.26862660479542296,
                        0.03895054654390573,
                        -0.9624565455749234
                    ],
                    [
                        0.016566689456746887,
                        0.998847486112389,
                        0.0450471340642722
                    ],
                    [
                        0.9631019115319662,
                        -0.028045577385602796,
                        0.267671727294051
                    ]
                ],
                "center": [
                    3.36930033847603,
                    -0.13645860150061357,
                    0.23384175513374692
                ]
            }
        },
        {
            "key": 60,
            "value": {
                "rotation": [
                    [
                        -0.43893349955944757,
                        0.002521592623851929,
                        0.8985160123977399
                    ],
                    [
                        0.02733860208175124,
                        0.9995705572556928,
                        0.010549971742089114
                    ],
                    [
                        -0.8981035484846455,
                        0.029194907744032138,
                        -0.4388139395701843
                    ]
                ],
                "center": [
                    3.107390717376196,
                    -0.1361366149688875,
                    0.356841755387512
                ]
            }
        },
        {
            "key": 50,
            "value": {
                "rotation": [
                    [
                        -0.2231961851966069,
                        0.011285576936182297,
                        0.9747082120649746
                    ],
                    [
                        0.031078513707918408,
                        0.9995070130139443,
                        -0.004456110596660544
                    ],
                    [
                        -0.9742779833801998,
                        0.029297895643893146,
                        -0.2234368913394806
                    ]
                ],
                "center": [
                    2.9574747252329129,
                    -0.11937040388982649,
                    0.0009543112428619031
                ]
            }
        },
        {
            "key": 49,
            "value": {
                "rotation": [
                    [
                        -0.10976702348728533,
                        0.01054817404384599,
                        0.9939013716557003
                    ],
                    [
                        0.026830835863065049,
                        0.9996107501133373,
                        -0.007645554573761798
                    ],
                    [
                        -0.9935951422997352,
                        0.025827974798497873,
                        -0.11000731301225908
                    ]
                ],
                "center": [
                    2.9664904416902515,
                    -0.11940771453477886,
                    0.005985811789638607
                ]
            }
        },
        {
            "key": 47,
            "value": {
                "rotation": [
                    [
                        0.4528465310018249,
                        -0.0012608304130643119,
                        0.8915875894528158
                    ],
                    [
                        0.011476003455320247,
                        0.9999244028212201,
                        -0.004414746574792778
                    ],
                    [
                        -0.8915146216996706,
                        0.012231064928928263,
                        0.45282676637583788
                    ]
                ],
                "center": [
                    2.81666834644347,
                    -0.12170074279038658,
                    0.08811431752199217
                ]
            }
        },
        {
            "key": 48,
            "value": {
                "rotation": [
                    [
                        0.09179358174073729,
                        0.011924621401019771,
                        0.9957066544699043
                    ],
                    [
                        0.022698015510673125,
                        0.9996434344276571,
                        -0.014064284466544876
                    ],
                    [
                        -0.9955193310243072,
                        0.023891576133043096,
                        0.09149018606820723
                    ]
                ],
                "center": [
                    2.969280067220637,
                    -0.119689909173198,
                    0.016653061538803375
                ]
            }
        },
        {
            "key": 51,
            "value": {
                "rotation": [
                    [
                        -0.30773168705513539,
                        0.009925272806193486,
                        0.9514214091252745
                    ],
                    [
                        0.029286754226442246,
                        0.9995705948656642,
                        -0.0009549381040877957
                    ],
                    [
                        -0.9510223419084749,
                        0.0275701802610231,
                        -0.30789022451402139
                    ]
                ],
                "center": [
                    2.917568223878633,
                    -0.11524731178412381,
                    0.12974389745329613
                ]
            }
        },
        {
            "key": 59,
            "value": {
                "rotation": [
                    [
                        -0.4227481965433283,
                        -0.0033880007427950678,
                        0.9062408530685043
                    ],
                    [
                        0.02586606675633426,
                        0.9995405011436885,
                        0.015802947952243387
                    ],
                    [
                        -0.9058779768323769,
                        0.030121554149666213,
                        -0.42246630997712517
                    ]
                ],
                "center": [
                    2.6838918500955888,
                    -0.13233239474041959,
                    0.5935900041574659
                ]
            }
        },
        {
            "key": 40,
            "value": {
                "rotation": [
                    [
                        0.509042915018384,
                        -0.028531595540216019,
                        0.8602681318783789
                    ],
                    [
                        0.018078200621775437,
                        0.9995843937146035,
                        0.022454810275027556
                    ],
                    [
                        -0.8605512706003432,
                        0.004121637798032515,
                        0.5093471534916011
                    ]
                ],
                "center": [
                    2.596782657277253,
                    -0.11710458410682151,
                    0.18883144127826829
                ]
            }
        },
        {
            "key": 52,
            "value": {
                "rotation": [
                    [
                        -0.44387022302623727,
                        0.0145627490044353,
                        0.8959727403509954
                    ],
                    [
                        0.03734778208940322,
                        0.9992997723289293,
                        0.0022601319323061854
                    ],
                    [
                        -0.8953124417116299,
                        0.0344657999295359,
                        -0.4441032991901505
                    ]
                ],
                "center": [
                    2.8840954331235695,
                    -0.12285327878028961,
                    0.2739650836746254
                ]
            }
        },
        {
            "key": 57,
            "value": {
                "rotation": [
                    [
                        -0.9603347590680044,
                        0.037130306924816659,
                        0.2763665877660812
                    ],
                    [
                        0.04582103463808723,
                        0.9986354518028409,
                        0.025053286954616107
                    ],
                    [
                        -0.2750592360028897,
                        0.036722945282262418,
                        -0.960725685083574
                    ]
                ],
                "center": [
                    2.8747953644343617,
                    -0.08475341619728685,
                    0.9546901685204611
                ]
            }
        },
        {
            "key": 39,
            "value": {
                "rotation": [
                    [
                        0.36951788824757716,
                        -0.03521669106047773,
                        0.9285560375851325
                    ],
                    [
                        0.01987960962499732,
                        0.9993524708295283,
                        0.02999066801647949
                    ],
                    [
                        -0.9290109425546121,
                        0.007377243229543125,
                        0.36997870870649215
                    ]
                ],
                "center": [
                    2.6149456510994075,
                    -0.11670517775795963,
                    0.20320542946582463
                ]
            }
        },
        {
            "key": 11,
            "value": {
                "rotation": [
                    [
                        0.26236150411630246,
                        0.040258001276030259,
                        -0.9641295216365334
                    ],
                    [
                        0.015693397603763,
                        0.9988192180209322,
                        0.04597702669490476
                    ],
                    [
                        0.9648420380712491,
                        -0.027193069803038536,
                        0.26141992755948326
                    ]
                ],
                "center": [
                    3.0138858863612705,
                    -0.14060118439240575,
                    0.5200024200808467
                ]
            }
        },
        {
            "key": 54,
            "value": {
                "rotation": [
                    [
                        -0.7613655913886697,
                        0.03145777595110283,
                        0.6475591436939112
                    ],
                    [
                        0.04906780730512972,
                        0.9987533271911716,
                        0.0091728790916814
                    ],
                    [
                        -0.6464632909420673,
                        0.03875822179582242,
                        -0.7619599816969247
                    ]
                ],
                "center": [
                    2.706203967080228,
                    -0.13021667115984404,
                    0.626084079920149
                ]
            }
        },
        {
            "key": 53,
            "value": {
                "rotation": [
                    [
                        -0.6018130582572139,
                        0.02351563563172926,
                        0.7982907100749294
                    ],
                    [
                        0.043699264413609637,
                        0.9990385483520355,
                        0.003514711420083395
                    ],
                    [
                        -0.797440541483068,
                        0.036999916047104477,
                        -0.6022620600799111
                    ]
                ],
                "center": [
                    2.8334814287554708,
                    -0.12552350116070738,
                    0.45255022655533519
                ]
            }
        },
        {
            "key": 13,
            "value": {
                "rotation": [
                    [
                        0.30284856121602818,
                        0.04421438248257874,
                        -0.9520125195348357
                    ],
                    [
                        0.012105046985030134,
                        0.9986642240835026,
                        0.0502318163436869
                    ],
                    [
                        0.9529618128796515,
                        -0.026736789586259445,
                        0.3019088062242442
                    ]
                ],
                "center": [
                    2.630191207905178,
                    -0.13874029216302986,
                    0.7710511774041241
                ]
            }
        },
        {
            "key": 41,
            "value": {
                "rotation": [
                    [
                        0.5756187505883362,
                        -0.024234636853660626,
                        0.8173590008972153
                    ],
                    [
                        0.013377044145907683,
                        0.9997060491399323,
                        0.020220534190410208
                    ],
                    [
                        -0.8176087748190092,
                        -0.0007054711888556139,
                        0.5757737347685812
                    ]
                ],
                "center": [
                    2.633087042913181,
                    -0.12490248342730051,
                    0.33132264346598269
                ]
            }
        },
        {
            "key": 17,
            "value": {
                "rotation": [
                    [
                        0.8007677739387232,
                        0.03959161981940748,
                        -0.5976650197738674
                    ],
                    [
                        -0.011832093587330296,
                        0.9986639442964088,
                        0.050302364990922898
                    ],
                    [
                        0.5988580581260993,
                        -0.03320888438979648,
                        0.8001663553380776
                    ]
                ],
                "center": [
                    0.9799844085896043,
                    -0.0983470322729275,
                    0.8607428611740545
                ]
            }
        },
        {
            "key": 46,
            "value": {
                "rotation": [
                    [
                        0.5616398333054,
                        -0.020471571539395617,
                        0.8271285343907499
                    ],
                    [
                        0.01206390688118939,
                        0.9997902032125724,
                        0.016553299094892287
                    ],
                    [
                        -0.8272938775280792,
                        0.000681409473354929,
                        0.561768970205444
                    ]
                ],
                "center": [
                    2.674953255424635,
                    -0.12343221845898569,
                    0.4606814635514583
                ]
            }
        },
        {
            "key": 30,
            "value": {
                "rotation": [
                    [
                        -0.9227347408575953,
                        0.003439068401570733,
                        -0.38542025222216305
                    ],
                    [
                        -0.005994910734719165,
                        0.9997111784668761,
                        0.023272745726546915
                    ],
                    [
                        0.3853889711184652,
                        0.023785131004454789,
                        -0.9224476182869962
                    ]
                ],
                "center": [
                    0.5136054223304206,
                    -0.09630684247520452,
                    1.207676656442167
                ]
            }
        },
        {
            "key": 29,
            "value": {
                "rotation": [
                    [
                        -0.6115152686517431,
                        0.017732493987955859,
                        -0.7910339024736889
                    ],
                    [
                        0.009168743215589033,
                        0.9998405217979463,
                        0.01532530974096927
                    ],
                    [
                        0.7911795057720042,
                        0.002118874176813445,
                        -0.6115803299801178
                    ]
                ],
                "center": [
                    0.24449307187197684,
                    -0.08334137539861833,
                    1.125185114799693
                ]
            }
        },
        {
            "key": 89,
            "value": {
                "rotation": [
                    [
                        0.37841597819708136,
                        -0.008964740206088836,
                        -0.9255922325074812
                    ],
                    [
                        0.027120604647381659,
                        0.999631179888178,
                        0.0014060579395810244
                    ],
                    [
                        0.9252382505326433,
                        -0.025634695793131089,
                        0.3785195399485833
                    ]
                ],
                "center": [
                    6.226717487487539,
                    -0.1200464324368108,
                    -2.3475251431605068
                ]
            }
        },
        {
            "key": 72,
            "value": {
                "rotation": [
                    [
                        -0.19769195641772237,
                        0.01159676039323906,
                        0.980195595540051
                    ],
                    [
                        0.034297254414990509,
                        0.9993996311910773,
                        -0.0049066806225636209
                    ],
                    [
                        -0.9796640182773514,
                        0.03264800642489873,
                        -0.19797100537491089
                    ]
                ],
                "center": [
                    6.399243651361242,
                    -0.11422642200759518,
                    -2.567423807865939
                ]
            }
        },
        {
            "key": 78,
            "value": {
                "rotation": [
                    [
                        0.7422802046095463,
                        -0.018022393491954844,
                        -0.6698472148017272
                    ],
                    [
                        0.030742108399341079,
                        0.9995016001536089,
                        0.007174542601341429
                    ],
                    [
                        0.6693840606228783,
                        -0.02591803663853503,
                        0.742464298643935
                    ]
                ],
                "center": [
                    6.384183066238996,
                    -0.11908877266014331,
                    -2.6620788494063176
                ]
            }
        },
        {
            "key": 19,
            "value": {
                "rotation": [
                    [
                        0.981023967920534,
                        0.019905346363107727,
                        -0.1928620013160075
                    ],
                    [
                        -0.013247586362011439,
                        0.9992729814248195,
                        0.03574926642511035
                    ],
                    [
                        0.1934333885890231,
                        -0.03251593118022591,
                        0.9805744430681695
                    ]
                ],
                "center": [
                    0.2598508569118167,
                    -0.06825328082476512,
                    0.3293384112259439
                ]
            }
        },
        {
            "key": 67,
            "value": {
                "rotation": [
                    [
                        0.9419095526859985,
                        -0.02290173041318436,
                        -0.33508492252404317
                    ],
                    [
                        0.02900065429825245,
                        0.9994921227768082,
                        0.013208276094293245
                    ],
                    [
                        0.33461224814572379,
                        -0.0221586834264054,
                        0.942095343444427
                    ]
                ],
                "center": [
                    6.667983590468907,
                    -0.1145919483787119,
                    -2.8631903564008764
                ]
            }
        },
        {
            "key": 73,
            "value": {
                "rotation": [
                    [
                        -0.4537860506276716,
                        0.02577774516543675,
                        0.8907377437326467
                    ],
                    [
                        0.043563132293374,
                        0.9990280858648656,
                        -0.006718419306091285
                    ],
                    [
                        -0.8900452088296023,
                        0.035754601205554899,
                        -0.45446796887360665
                    ]
                ],
                "center": [
                    6.833067877890324,
                    -0.1178421686280508,
                    -2.674432755445916
                ]
            }
        },
        {
            "key": 14,
            "value": {
                "rotation": [
                    [
                        0.4044302639588822,
                        0.04525245430071684,
                        -0.9134486175882638
                    ],
                    [
                        0.009204485120836477,
                        0.9985231559706506,
                        0.05354236121121401
                    ],
                    [
                        0.9145225197051241,
                        -0.030061975486872926,
                        0.40341645799597405
                    ]
                ],
                "center": [
                    2.2222290659443875,
                    -0.12826195918981196,
                    0.8928363321772255
                ]
            }
        },
        {
            "key": 74,
            "value": {
                "rotation": [
                    [
                        -0.6444536614766081,
                        0.03297904601246177,
                        0.7639318429896095
                    ],
                    [
                        0.048790558733571808,
                        0.9988071105896236,
                        -0.0019588808217668245
                    ],
                    [
                        -0.7630851588046116,
                        0.03601025353584635,
                        -0.6452939656098024
                    ]
                ],
                "center": [
                    7.321133634334549,
                    -0.12669508802476518,
                    -2.7062026138211578
                ]
            }
        },
        {
            "key": 15,
            "value": {
                "rotation": [
                    [
                        0.5255682761322038,
                        0.041418645917027849,
                        -0.8497425980223796
                    ],
                    [
                        0.004410016277305394,
                        0.9986681381204764,
                        0.05140526879041716
                    ],
                    [
                        0.8507399948749662,
                        -0.030764357191090595,
                        0.5246856348774583
                    ]
                ],
                "center": [
                    1.8065936245010726,
                    -0.12186551334290734,
                    0.9661464522239465
                ]
            }
        },
        {
            "key": 45,
            "value": {
                "rotation": [
                    [
                        0.9995283494231264,
                        -0.007796164689923246,
                        0.029703510156344257
                    ],
                    [
                        0.007131647636319436,
                        0.9997233758609117,
                        0.02241230374713129
                    ],
                    [
                        -0.02987002345951258,
                        -0.022189898003143004,
                        0.9993074552534561
                    ]
                ],
                "center": [
                    7.394844923490325,
                    -0.1276440364595374,
                    -2.683930882364143
                ]
            }
        },
        {
            "key": 75,
            "value": {
                "rotation": [
                    [
                        -0.8341234116804587,
                        0.05120838020380906,
                        0.5491956262421017
                    ],
                    [
                        0.06213139324137947,
                        0.9980671274985783,
                        0.0013034495084876647
                    ],
                    [
                        -0.5480673535802304,
                        0.03520952717146664,
                        -0.8356928054829266
                    ]
                ],
                "center": [
                    7.709301953412034,
                    -0.1374465540548731,
                    -2.5743823946025
                ]
            }
        },
        {
            "key": 16,
            "value": {
                "rotation": [
                    [
                        0.6682047098659585,
                        0.03928951732202013,
                        -0.7429392973463936
                    ],
                    [
                        -0.0006404465883772687,
                        0.9986345808735914,
                        0.052235655558190128
                    ],
                    [
                        0.743977187513917,
                        -0.03442829812856167,
                        0.667317493212079
                    ]
                ],
                "center": [
                    1.3849114319968099,
                    -0.10531184107077461,
                    0.9631519382720852
                ]
            }
        },
        {
            "key": 76,
            "value": {
                "rotation": [
                    [
                        -0.971931019085026,
                        0.055107593322167709,
                        0.22872089388287512
                    ],
                    [
                        0.06040186822636315,
                        0.998042568890309,
                        0.016206325851315048
                    ],
                    [
                        -0.2273800968754915,
                        0.02956660009322204,
                        -0.9733571326619124
                    ]
                ],
                "center": [
                    8.037927167402854,
                    -0.15317513007176329,
                    -2.2696929759318675
                ]
            }
        },
        {
            "key": 77,
            "value": {
                "rotation": [
                    [
                        -0.9981335955893937,
                        0.06055993875245493,
                        0.007862517032568458
                    ],
                    [
                        0.060729898248886759,
                        0.9978761753779825,
                        0.023558821525918946
                    ],
                    [
                        -0.0064190976366139879,
                        0.023992341096882306,
                        -0.9996915338014134
