{"sfm_data_version": "0.3", "root_path": "/media/yunxiangyang/Train/omniGS/data/OmniScenes/turtlebot_pyebaekRoom_1_scene_1/images", "views": [{"key": 86, "value": {"polymorphic_id": 1073741824, "ptr_wrapper": {"id": 2147483649, "data": {"local_path": "", "filename": "seq_26.jpg", "width": 1920, "height": 960, "id_view": 86, "id_intrinsic": 0, "id_pose": 86}}}}, {"key": 84, "value": {"polymorphic_id": 1073741824, "ptr_wrapper": {"id": 2147483651, "data": {"local_path": "", "filename": "seq_24.jpg", "width": 1920, "height": 960, "id_view": 84, "id_intrinsic": 0, "id_pose": 84}}}}, {"key": 83, "value": {"polymorphic_id": 1073741824, "ptr_wrapper": {"id": 2147483652, "data": {"local_path": "", "filename": "seq_23.jpg", "width": 1920, "height": 960, "id_view": 83, "id_intrinsic": 0, "id_pose": 83}}}}, {"key": 82, "value": {"polymorphic_id": 1073741824, "ptr_wrapper": {"id": 2147483653, "data": {"local_path": "", "filename": "seq_22.jpg", "width": 1920, "height": 960, "id_view": 82, "id_intrinsic": 0, "id_pose": 82}}}}, {"key": 81, "value": {"polymorphic_id": 1073741824, "ptr_wrapper": {"id": 2147483654, "data": {"local_path": "", "filename": "seq_21.jpg", "width": 1920, "height": 960, "id_view": 81, "id_intrinsic": 0, "id_pose": 81}}}}, {"key": 79, "value": {"polymorphic_id": 1073741824, "ptr_wrapper": {"id": 2147483656, "data": {"local_path": "", "filename": "seq_2.jpg", "width": 1920, "height": 960, "id_view": 79, "id_intrinsic": 0, "id_pose": 79}}}}, {"key": 78, "value": {"polymorphic_id": 1073741824, "ptr_wrapper": {"id": 2147483657, "data": {"local_path": "", "filename": "seq_19.jpg", "width": 1920, "height": 960, "id_view": 78, "id_intrinsic": 0, "id_pose": 78}}}}, {"key": 77, "value": {"polymorphic_id": 1073741824, "ptr_wrapper": {"id": 2147483658, "data": {"local_path": "", "filename": "seq_18.jpg", "width": 1920, "height": 960, "id_view": 77, "id_intrinsic": 0, "id_pose": 77}}}}, {"key": 76, "value": {"polymorphic_id": 1073741824, "ptr_wrapper": {"id": 2147483659, "data": {"local_path": "", "filename": "seq_17.jpg", "width": 1920, "height": 960, "id_view": 76, "id_intrinsic": 0, "id_pose": 76}}}}, {"key": 75, "value": {"polymorphic_id": 1073741824, "ptr_wrapper": {"id": 2147483660, "data": {"local_path": "", "filename": "seq_166.jpg", "width": 1920, "height": 960, "id_view": 75, "id_intrinsic": 0, "id_pose": 75}}}}, {"key": 73, "value": {"polymorphic_id": 1073741824, "ptr_wrapper": {"id": 2147483662, "data": {"local_path": "", "filename": "seq_164.jpg", "width": 1920, "height": 960, "id_view": 73, "id_intrinsic": 0, "id_pose": 73}}}}, {"key": 72, "value": {"polymorphic_id": 1073741824, "ptr_wrapper": {"id": 2147483663, "data": {"local_path": "", "filename": "seq_163.jpg", "width": 1920, "height": 960, "id_view": 72, "id_intrinsic": 0, "id_pose": 72}}}}, {"key": 71, "value": {"polymorphic_id": 1073741824, "ptr_wrapper": {"id": 2147483664, "data": {"local_path": "", "filename": "seq_162.jpg", "width": 1920, "height": 960, "id_view": 71, "id_intrinsic": 0, "id_pose": 71}}}}, {"key": 70, "value": {"polymorphic_id": 1073741824, "ptr_wrapper": {"id": 2147483665, "data": {"local_path": "", "filename": "seq_161.jpg", "width": 1920, "height": 960, "id_view": 70, "id_intrinsic": 0, "id_pose": 70}}}}, {"key": 68, "value": {"polymorphic_id": 1073741824, "ptr_wrapper": {"id": 2147483667, "data": {"local_path": "", "filename": "seq_16.jpg", "width": 1920, "height": 960, "id_view": 68, "id_intrinsic": 0, "id_pose": 68}}}}, {"key": 67, "value": {"polymorphic_id": 1073741824, "ptr_wrapper": {"id": 2147483668, "data": {"local_path": "", "filename": "seq_159.jpg", "width": 1920, "height": 960, "id_view": 67, "id_intrinsic": 0, "id_pose": 67}}}}, {"key": 66, "value": {"polymorphic_id": 1073741824, "ptr_wrapper": {"id": 2147483669, "data": {"local_path": "", "filename": "seq_158.jpg", "width": 1920, "height": 960, "id_view": 66, "id_intrinsic": 0, "id_pose": 66}}}}, {"key": 65, "value": {"polymorphic_id": 1073741824, "ptr_wrapper": {"id": 2147483670, "data": {"local_path": "", "filename": "seq_157.jpg", "width": 1920, "height": 960, "id_view": 65, "id_intrinsic": 0, "id_pose": 65}}}}, {"key": 64, "value": {"polymorphic_id": 1073741824, "ptr_wrapper": {"id": 2147483671, "data": {"local_path": "", "filename": "seq_156.jpg", "width": 1920, "height": 960, "id_view": 64, "id_intrinsic": 0, "id_pose": 64}}}}, {"key": 62, "value": {"polymorphic_id": 1073741824, "ptr_wrapper": {"id": 2147483673, "data": {"local_path": "", "filename": "seq_154.jpg", "width": 1920, "height": 960, "id_view": 62, "id_intrinsic": 0, "id_pose": 62}}}}, {"key": 61, "value": {"polymorphic_id": 1073741824, "ptr_wrapper": {"id": 2147483674, "data": {"local_path": "", "filename": "seq_153.jpg", "width": 1920, "height": 960, "id_view": 61, "id_intrinsic": 0, "id_pose": 61}}}}, {"key": 60, "value": {"polymorphic_id": 1073741824, "ptr_wrapper": {"id": 2147483675, "data": {"local_path": "", "filename": "seq_152.jpg", "width": 1920, "height": 960, "id_view": 60, "id_intrinsic": 0, "id_pose": 60}}}}, {"key": 59, "value": {"polymorphic_id": 1073741824, "ptr_wrapper": {"id": 2147483676, "data": {"local_path": "", "filename": "seq_151.jpg", "width": 1920, "height": 960, "id_view": 59, "id_intrinsic": 0, "id_pose": 59}}}}, {"key": 11, "value": {"polymorphic_id": 1073741824, "ptr_wrapper": {"id": 2147483677, "data": {"local_path": "", "filename": "seq_108.jpg", "width": 1920, "height": 960, "id_view": 11, "id_intrinsic": 0, "id_pose": 11}}}}, {"key": 138, "value": {"polymorphic_id": 1073741824, "ptr_wrapper": {"id": 2147483678, "data": {"local_path": "", "filename": "seq_73.jpg", "width": 1920, "height": 960, "id_view": 138, "id_intrinsic": 0, "id_pose": 138}}}}, {"key": 12, "value": {"polymorphic_id": 1073741824, "ptr_wrapper": {"id": 2147483679, "data": {"local_path": "", "filename": "seq_109.jpg", "width": 1920, "height": 960, "id_view": 12, "id_intrinsic": 0, "id_pose": 12}}}}, {"key": 139, "value": {"polymorphic_id": 1073741824, "ptr_wrapper": {"id": 2147483680, "data": {"local_path": "", "filename": "seq_74.jpg", "width": 1920, "height": 960, "id_view": 139, "id_intrinsic": 0, "id_pose": 139}}}}, {"key": 13, "value": {"polymorphic_id": 1073741824, "ptr_wrapper": {"id": 2147483681, "data": {"local_path": "", "filename": "seq_11.jpg", "width": 1920, "height": 960, "id_view": 13, "id_intrinsic": 0, "id_pose": 13}}}}, {"key": 141, "value": {"polymorphic_id": 1073741824, "ptr_wrapper": {"id": 2147483684, "data": {"local_path": "", "filename": "seq_76.jpg", "width": 1920, "height": 960, "id_view": 141, "id_intrinsic": 0, "id_pose": 141}}}}, {"key": 15, "value": {"polymorphic_id": 1073741824, "ptr_wrapper": {"id": 2147483685, "data": {"local_path": "", "filename": "seq_111.jpg", "width": 1920, "height": 960, "id_view": 15, "id_intrinsic": 0, "id_pose": 15}}}}, {"key": 142, "value": {"polymorphic_id": 1073741824, "ptr_wrapper": {"id": 2147483686, "data": {"local_path": "", "filename": "seq_77.jpg", "width": 1920, "height": 960, "id_view": 142, "id_intrinsic": 0, "id_pose": 142}}}}, {"key": 16, "value": {"polymorphic_id": 1073741824, "ptr_wrapper": {"id": 2147483687, "data": {"local_path": "", "filename": "seq_112.jpg", "width": 1920, "height": 960, "id_view": 16, "id_intrinsic": 0, "id_pose": 16}}}}, {"key": 143, "value": {"polymorphic_id": 1073741824, "ptr_wrapper": {"id": 2147483688, "data": {"local_path": "", "filename": "seq_78.jpg", "width": 1920, "height": 960, "id_view": 143, "id_intrinsic": 0, "id_pose": 143}}}}, {"key": 131, "value": {"polymorphic_id": 1073741824, "ptr_wrapper": {"id": 2147483689, "data": {"local_path": "", "filename": "seq_67.jpg", "width": 1920, "height": 960, "id_view": 131, "id_intrinsic": 0, "id_pose": 131}}}}, {"key": 4, "value": {"polymorphic_id": 1073741824, "ptr_wrapper": {"id": 2147483690, "data": {"local_path": "", "filename": "seq_101.jpg", "width": 1920, "height": 960, "id_view": 4, "id_intrinsic": 0, "id_pose": 4}}}}, {"key": 130, "value": {"polymorphic_id": 1073741824, "ptr_wrapper": {"id": 2147483691, "data": {"local_path": "", "filename": "seq_66.jpg", "width": 1920, "height": 960, "id_view": 130, "id_intrinsic": 0, "id_pose": 130}}}}, {"key": 128, "value": {"polymorphic_id": 1073741824, "ptr_wrapper": {"id": 2147483695, "data": {"local_path": "", "filename": "seq_64.jpg", "width": 1920, "height": 960, "id_view": 128, "id_intrinsic": 0, "id_pose": 128}}}}, {"key": 1, "value": {"polymorphic_id": 1073741824, "ptr_wrapper": {"id": 2147483696, "data": {"local_path": "", "filename": "seq_1.jpg", "width": 1920, "height": 960, "id_view": 1, "id_intrinsic": 0, "id_pose": 1}}}}, {"key": 127, "value": {"polymorphic_id": 1073741824, "ptr_wrapper": {"id": 2147483697, "data": {"local_path": "", "filename": "seq_63.jpg", "width": 1920, "height": 960, "id_view": 127, "id_intrinsic": 0, "id_pose": 127}}}}, {"key": 87, "value": {"polymorphic_id": 1073741824, "ptr_wrapper": {"id": 2147483699, "data": {"local_path": "", "filename": "seq_27.jpg", "width": 1920, "height": 960, "id_view": 87, "id_intrinsic": 0, "id_pose": 87}}}}, {"key": 88, "value": {"polymorphic_id": 1073741824, "ptr_wrapper": {"id": 2147483700, "data": {"local_path": "", "filename": "seq_28.jpg", "width": 1920, "height": 960, "id_view": 88, "id_intrinsic": 0, "id_pose": 88}}}}, {"key": 89, "value": {"polymorphic_id": 1073741824, "ptr_wrapper": {"id": 2147483701, "data": {"local_path": "", "filename": "seq_29.jpg", "width": 1920, "height": 960, "id_view": 89, "id_intrinsic": 0, "id_pose": 89}}}}, {"key": 90, "value": {"polymorphic_id": 1073741824, "ptr_wrapper": {"id": 2147483702, "data": {"local_path": "", "filename": "seq_3.jpg", "width": 1920, "height": 960, "id_view": 90, "id_intrinsic": 0, "id_pose": 90}}}}, {"key": 92, "value": {"polymorphic_id": 1073741824, "ptr_wrapper": {"id": 2147483704, "data": {"local_path": "", "filename": "seq_31.jpg", "width": 1920, "height": 960, "id_view": 92, "id_intrinsic": 0, "id_pose": 92}}}}, {"key": 93, "value": {"polymorphic_id": 1073741824, "ptr_wrapper": {"id": 2147483705, "data": {"local_path": "", "filename": "seq_32.jpg", "width": 1920, "height": 960, "id_view": 93, "id_intrinsic": 0, "id_pose": 93}}}}, {"key": 94, "value": {"polymorphic_id": 1073741824, "ptr_wrapper": {"id": 2147483706, "data": {"local_path": "", "filename": "seq_33.jpg", "width": 1920, "height": 960, "id_view": 94, "id_intrinsic": 0, "id_pose": 94}}}}, {"key": 95, "value": {"polymorphic_id": 1073741824, "ptr_wrapper": {"id": 2147483707, "data": {"local_path": "", "filename": "seq_34.jpg", "width": 1920, "height": 960, "id_view": 95, "id_intrinsic": 0, "id_pose": 95}}}}, {"key": 97, "value": {"polymorphic_id": 1073741824, "ptr_wrapper": {"id": 2147483709, "data": {"local_path": "", "filename": "seq_36.jpg", "width": 1920, "height": 960, "id_view": 97, "id_intrinsic": 0, "id_pose": 97}}}}, {"key": 55, "value": {"polymorphic_id": 1073741824, "ptr_wrapper": {"id": 2147483710, "data": {"local_path": "", "filename": "seq_148.jpg", "width": 1920, "height": 960, "id_view": 55, "id_intrinsic": 0, "id_pose": 55}}}}, {"key": 114, "value": {"polymorphic_id": 1073741824, "ptr_wrapper": {"id": 2147483711, "data": {"local_path": "", "filename": "seq_51.jpg", "width": 1920, "height": 960, "id_view": 114, "id_intrinsic": 0, "id_pose": 114}}}}, {"key": 56, "value": {"polymorphic_id": 1073741824, "ptr_wrapper": {"id": 2147483712, "data": {"local_path": "", "filename": "seq_149.jpg", "width": 1920, "height": 960, "id_view": 56, "id_intrinsic": 0, "id_pose": 56}}}}, {"key": 115, "value": {"polymorphic_id": 1073741824, "ptr_wrapper": {"id": 2147483713, "data": {"local_path": "", "filename": "seq_52.jpg", "width": 1920, "height": 960, "id_view": 115, "id_intrinsic": 0, "id_pose": 115}}}}, {"key": 116, "value": {"polymorphic_id": 1073741824, "ptr_wrapper": {"id": 2147483715, "data": {"local_path": "", "filename": "seq_53.jpg", "width": 1920, "height": 960, "id_view": 116, "id_intrinsic": 0, "id_pose": 116}}}}, {"key": 117, "value": {"polymorphic_id": 1073741824, "ptr_wrapper": {"id": 2147483717, "data": {"local_path": "", "filename": "seq_54.jpg", "width": 1920, "height": 960, "id_view": 117, "id_intrinsic": 0, "id_pose": 117}}}}, {"key": 119, "value": {"polymorphic_id": 1073741824, "ptr_wrapper": {"id": 2147483719, "data": {"local_path": "", "filename": "seq_56.jpg", "width": 1920, "height": 960, "id_view": 119, "id_intrinsic": 0, "id_pose": 119}}}}, {"key": 120, "value": {"polymorphic_id": 1073741824, "ptr_wrapper": {"id": 2147483720, "data": {"local_path": "", "filename": "seq_57.jpg", "width": 1920, "height": 960, "id_view": 120, "id_intrinsic": 0, "id_pose": 120}}}}, {"key": 121, "value": {"polymorphic_id": 1073741824, "ptr_wrapper": {"id": 2147483721, "data": {"local_path": "", "filename": "seq_58.jpg", "width": 1920, "height": 960, "id_view": 121, "id_intrinsic": 0, "id_pose": 121}}}}, {"key": 122, "value": {"polymorphic_id": 1073741824, "ptr_wrapper": {"id": 2147483722, "data": {"local_path": "", "filename": "seq_59.jpg", "width": 1920, "height": 960, "id_view": 122, "id_intrinsic": 0, "id_pose": 122}}}}, {"key": 123, "value": {"polymorphic_id": 1073741824, "ptr_wrapper": {"id": 2147483723, "data": {"local_path": "", "filename": "seq_6.jpg", "width": 1920, "height": 960, "id_view": 123, "id_intrinsic": 0, "id_pose": 123}}}}, {"key": 125, "value": {"polymorphic_id": 1073741824, "ptr_wrapper": {"id": 2147483725, "data": {"local_path": "", "filename": "seq_61.jpg", "width": 1920, "height": 960, "id_view": 125, "id_intrinsic": 0, "id_pose": 125}}}}, {"key": 126, "value": {"polymorphic_id": 1073741824, "ptr_wrapper": {"id": 2147483726, "data": {"local_path": "", "filename": "seq_62.jpg", "width": 1920, "height": 960, "id_view": 126, "id_intrinsic": 0, "id_pose": 126}}}}, {"key": 54, "value": {"polymorphic_id": 1073741824, "ptr_wrapper": {"id": 2147483727, "data": {"local_path": "", "filename": "seq_147.jpg", "width": 1920, "height": 960, "id_view": 54, "id_intrinsic": 0, "id_pose": 54}}}}, {"key": 53, "value": {"polymorphic_id": 1073741824, "ptr_wrapper": {"id": 2147483729, "data": {"local_path": "", "filename": "seq_146.jpg", "width": 1920, "height": 960, "id_view": 53, "id_intrinsic": 0, "id_pose": 53}}}}, {"key": 111, "value": {"polymorphic_id": 1073741824, "ptr_wrapper": {"id": 2147483732, "data": {"local_path": "", "filename": "seq_49.jpg", "width": 1920, "height": 960, "id_view": 111, "id_intrinsic": 0, "id_pose": 111}}}}, {"key": 51, "value": {"polymorphic_id": 1073741824, "ptr_wrapper": {"id": 2147483733, "data": {"local_path": "", "filename": "seq_144.jpg", "width": 1920, "height": 960, "id_view": 51, "id_intrinsic": 0, "id_pose": 51}}}}, {"key": 110, "value": {"polymorphic_id": 1073741824, "ptr_wrapper": {"id": 2147483734, "data": {"local_path": "", "filename": "seq_48.jpg", "width": 1920, "height": 960, "id_view": 110, "id_intrinsic": 0, "id_pose": 110}}}}, {"key": 50, "value": {"polymorphic_id": 1073741824, "ptr_wrapper": {"id": 2147483735, "data": {"local_path": "", "filename": "seq_143.jpg", "width": 1920, "height": 960, "id_view": 50, "id_intrinsic": 0, "id_pose": 50}}}}, {"key": 109, "value": {"polymorphic_id": 1073741824, "ptr_wrapper": {"id": 2147483736, "data": {"local_path": "", "filename": "seq_47.jpg", "width": 1920, "height": 960, "id_view": 109, "id_intrinsic": 0, "id_pose": 109}}}}, {"key": 49, "value": {"polymorphic_id": 1073741824, "ptr_wrapper": {"id": 2147483737, "data": {"local_path": "", "filename": "seq_142.jpg", "width": 1920, "height": 960, "id_view": 49, "id_intrinsic": 0, "id_pose": 49}}}}, {"key": 108, "value": {"polymorphic_id": 1073741824, "ptr_wrapper": {"id": 2147483738, "data": {"local_path": "", "filename": "seq_46.jpg", "width": 1920, "height": 960, "id_view": 108, "id_intrinsic": 0, "id_pose": 108}}}}, {"key": 106, "value": {"polymorphic_id": 1073741824, "ptr_wrapper": {"id": 2147483740, "data": {"local_path": "", "filename": "seq_44.jpg", "width": 1920, "height": 960, "id_view": 106, "id_intrinsic": 0, "id_pose": 106}}}}, {"key": 105, "value": {"polymorphic_id": 1073741824, "ptr_wrapper": {"id": 2147483741, "data": {"local_path": "", "filename": "seq_43.jpg", "width": 1920, "height": 960, "id_view": 105, "id_intrinsic": 0, "id_pose": 105}}}}, {"key": 104, "value": {"polymorphic_id": 1073741824, "ptr_wrapper": {"id": 2147483742, "data": {"local_path": "", "filename": "seq_42.jpg", "width": 1920, "height": 960, "id_view": 104, "id_intrinsic": 0, "id_pose": 104}}}}, {"key": 103, "value": {"polymorphic_id": 1073741824, "ptr_wrapper": {"id": 2147483743, "data": {"local_path": "", "filename": "seq_41.jpg", "width": 1920, "height": 960, "id_view": 103, "id_intrinsic": 0, "id_pose": 103}}}}, {"key": 101, "value": {"polymorphic_id": 1073741824, "ptr_wrapper": {"id": 2147483745, "data": {"local_path": "", "filename": "seq_4.jpg", "width": 1920, "height": 960, "id_view": 101, "id_intrinsic": 0, "id_pose": 101}}}}, {"key": 100, "value": {"polymorphic_id": 1073741824, "ptr_wrapper": {"id": 2147483746, "data": {"local_path": "", "filename": "seq_39.jpg", "width": 1920, "height": 960, "id_view": 100, "id_intrinsic": 0, "id_pose": 100}}}}, {"key": 99, "value": {"polymorphic_id": 1073741824, "ptr_wrapper": {"id": 2147483747, "data": {"local_path": "", "filename": "seq_38.jpg", "width": 1920, "height": 960, "id_view": 99, "id_intrinsic": 0, "id_pose": 99}}}}, {"key": 98, "value": {"polymorphic_id": 1073741824, "ptr_wrapper": {"id": 2147483748, "data": {"local_path": "", "filename": "seq_37.jpg", "width": 1920, "height": 960, "id_view": 98, "id_intrinsic": 0, "id_pose": 98}}}}, {"key": 132, "value": {"polymorphic_id": 1073741824, "ptr_wrapper": {"id": 2147483749, "data": {"local_path": "", "filename": "seq_68.jpg", "width": 1920, "height": 960, "id_view": 132, "id_intrinsic": 0, "id_pose": 132}}}}, {"key": 5, "value": {"polymorphic_id": 1073741824, "ptr_wrapper": {"id": 2147483750, "data": {"local_path": "", "filename": "seq_102.jpg", "width": 1920, "height": 960, "id_view": 5, "id_intrinsic": 0, "id_pose": 5}}}}, {"key": 133, "value": {"polymorphic_id": 1073741824, "ptr_wrapper": {"id": 2147483751, "data": {"local_path": "", "filename": "seq_69.jpg", "width": 1920, "height": 960, "id_view": 133, "id_intrinsic": 0, "id_pose": 133}}}}, {"key": 6, "value": {"polymorphic_id": 1073741824, "ptr_wrapper": {"id": 2147483752, "data": {"local_path": "", "filename": "seq_103.jpg", "width": 1920, "height": 960, "id_view": 6, "id_intrinsic": 0, "id_pose": 6}}}}, {"key": 134, "value": {"polymorphic_id": 1073741824, "ptr_wrapper": {"id": 2147483753, "data": {"local_path": "", "filename": "seq_7.jpg", "width": 1920, "height": 960, "id_view": 134, "id_intrinsic": 0, "id_pose": 134}}}}, {"key": 7, "value": {"polymorphic_id": 1073741824, "ptr_wrapper": {"id": 2147483754, "data": {"local_path": "", "filename": "seq_104.jpg", "width": 1920, "height": 960, "id_view": 7, "id_intrinsic": 0, "id_pose": 7}}}}, {"key": 136, "value": {"polymorphic_id": 1073741824, "ptr_wrapper": {"id": 2147483757, "data": {"local_path": "", "filename": "seq_71.jpg", "width": 1920, "height": 960, "id_view": 136, "id_intrinsic": 0, "id_pose": 136}}}}, {"key": 9, "value": {"polymorphic_id": 1073741824, "ptr_wrapper": {"id": 2147483758, "data": {"local_path": "", "filename": "seq_106.jpg", "width": 1920, "height": 960, "id_view": 9, "id_intrinsic": 0, "id_pose": 9}}}}, {"key": 137, "value": {"polymorphic_id": 1073741824, "ptr_wrapper": {"id": 2147483759, "data": {"local_path": "", "filename": "seq_72.jpg", "width": 1920, "height": 960, "id_view": 137, "id_intrinsic": 0, "id_pose": 137}}}}, {"key": 10, "value": {"polymorphic_id": 1073741824, "ptr_wrapper": {"id": 2147483760, "data": {"local_path": "", "filename": "seq_107.jpg", "width": 1920, "height": 960, "id_view": 10, "id_intrinsic": 0, "id_pose": 10}}}}, {"key": 154, "value": {"polymorphic_id": 1073741824, "ptr_wrapper": {"id": 2147483761, "data": {"local_path": "", "filename": "seq_88.jpg", "width": 1920, "height": 960, "id_view": 154, "id_intrinsic": 0, "id_pose": 154}}}}, {"key": 27, "value": {"polymorphic_id": 1073741824, "ptr_wrapper": {"id": 2147483762, "data": {"local_path": "", "filename": "seq_122.jpg", "width": 1920, "height": 960, "id_view": 27, "id_intrinsic": 0, "id_pose": 27}}}}, {"key": 155, "value": {"polymorphic_id": 1073741824, "ptr_wrapper": {"id": 2147483763, "data": {"local_path": "", "filename": "seq_89.jpg", "width": 1920, "height": 960, "id_view": 155, "id_intrinsic": 0, "id_pose": 155}}}}, {"key": 28, "value": {"polymorphic_id": 1073741824, "ptr_wrapper": {"id": 2147483764, "data": {"local_path": "", "filename": "seq_123.jpg", "width": 1920, "height": 960, "id_view": 28, "id_intrinsic": 0, "id_pose": 28}}}}, {"key": 156, "value": {"polymorphic_id": 1073741824, "ptr_wrapper": {"id": 2147483765, "data": {"local_path": "", "filename": "seq_9.jpg", "width": 1920, "height": 960, "id_view": 156, "id_intrinsic": 0, "id_pose": 156}}}}, {"key": 29, "value": {"polymorphic_id": 1073741824, "ptr_wrapper": {"id": 2147483766, "data": {"local_path": "", "filename": "seq_124.jpg", "width": 1920, "height": 960, "id_view": 29, "id_intrinsic": 0, "id_pose": 29}}}}, {"key": 40, "value": {"polymorphic_id": 1073741824, "ptr_wrapper": {"id": 2147483769, "data": {"local_path": "", "filename": "seq_134.jpg", "width": 1920, "height": 960, "id_view": 40, "id_intrinsic": 0, "id_pose": 40}}}}, {"key": 158, "value": {"polymorphic_id": 1073741824, "ptr_wrapper": {"id": 2147483770, "data": {"local_path": "", "filename": "seq_91.jpg", "width": 1920, "height": 960, "id_view": 158, "id_intrinsic": 0, "id_pose": 158}}}}, {"key": 31, "value": {"polymorphic_id": 1073741824, "ptr_wrapper": {"id": 2147483771, "data": {"local_path": "", "filename": "seq_126.jpg", "width": 1920, "height": 960, "id_view": 31, "id_intrinsic": 0, "id_pose": 31}}}}, {"key": 159, "value": {"polymorphic_id": 1073741824, "ptr_wrapper": {"id": 2147483773, "data": {"local_path": "", "filename": "seq_92.jpg", "width": 1920, "height": 960, "id_view": 159, "id_intrinsic": 0, "id_pose": 159}}}}, {"key": 32, "value": {"polymorphic_id": 1073741824, "ptr_wrapper": {"id": 2147483774, "data": {"local_path": "", "filename": "seq_127.jpg", "width": 1920, "height": 960, "id_view": 32, "id_intrinsic": 0, "id_pose": 32}}}}, {"key": 42, "value": {"polymorphic_id": 1073741824, "ptr_wrapper": {"id": 2147483775, "data": {"local_path": "", "filename": "seq_136.jpg", "width": 1920, "height": 960, "id_view": 42, "id_intrinsic": 0, "id_pose": 42}}}}, {"key": 160, "value": {"polymorphic_id": 1073741824, "ptr_wrapper": {"id": 2147483776, "data": {"local_path": "", "filename": "seq_93.jpg", "width": 1920, "height": 960, "id_view": 160, "id_intrinsic": 0, "id_pose": 160}}}}, {"key": 33, "value": {"polymorphic_id": 1073741824, "ptr_wrapper": {"id": 2147483777, "data": {"local_path": "", "filename": "seq_128.jpg", "width": 1920, "height": 960, "id_view": 33, "id_intrinsic": 0, "id_pose": 33}}}}, {"key": 43, "value": {"polymorphic_id": 1073741824, "ptr_wrapper": {"id": 2147483778, "data": {"local_path": "", "filename": "seq_137.jpg", "width": 1920, "height": 960, "id_view": 43, "id_intrinsic": 0, "id_pose": 43}}}}, {"key": 161, "value": {"polymorphic_id": 1073741824, "ptr_wrapper": {"id": 2147483779, "data": {"local_path": "", "filename": "seq_94.jpg", "width": 1920, "height": 960, "id_view": 161, "id_intrinsic": 0, "id_pose": 161}}}}, {"key": 34, "value": {"polymorphic_id": 1073741824, "ptr_wrapper": {"id": 2147483780, "data": {"local_path": "", "filename": "seq_129.jpg", "width": 1920, "height": 960, "id_view": 34, "id_intrinsic": 0, "id_pose": 34}}}}, {"key": 44, "value": {"polymorphic_id": 1073741824, "ptr_wrapper": {"id": 2147483781, "data": {"local_path": "", "filename": "seq_138.jpg", "width": 1920, "height": 960, "id_view": 44, "id_intrinsic": 0, "id_pose": 44}}}}, {"key": 35, "value": {"polymorphic_id": 1073741824, "ptr_wrapper": {"id": 2147483783, "data": {"local_path": "", "filename": "seq_13.jpg", "width": 1920, "height": 960, "id_view": 35, "id_intrinsic": 0, "id_pose": 35}}}}, {"key": 45, "value": {"polymorphic_id": 1073741824, "ptr_wrapper": {"id": 2147483784, "data": {"local_path": "", "filename": "seq_139.jpg", "width": 1920, "height": 960, "id_view": 45, "id_intrinsic": 0, "id_pose": 45}}}}, {"key": 163, "value": {"polymorphic_id": 1073741824, "ptr_wrapper": {"id": 2147483785, "data": {"local_path": "", "filename": "seq_96.jpg", "width": 1920, "height": 960, "id_view": 163, "id_intrinsic": 0, "id_pose": 163}}}}, {"key": 46, "value": {"polymorphic_id": 1073741824, "ptr_wrapper": {"id": 2147483787, "data": {"local_path": "", "filename": "seq_14.jpg", "width": 1920, "height": 960, "id_view": 46, "id_intrinsic": 0, "id_pose": 46}}}}, {"key": 164, "value": {"polymorphic_id": 1073741824, "ptr_wrapper": {"id": 2147483788, "data": {"local_path": "", "filename": "seq_97.jpg", "width": 1920, "height": 960, "id_view": 164, "id_intrinsic": 0, "id_pose": 164}}}}, {"key": 37, "value": {"polymorphic_id": 1073741824, "ptr_wrapper": {"id": 2147483789, "data": {"local_path": "", "filename": "seq_131.jpg", "width": 1920, "height": 960, "id_view": 37, "id_intrinsic": 0, "id_pose": 37}}}}, {"key": 165, "value": {"polymorphic_id": 1073741824, "ptr_wrapper": {"id": 2147483791, "data": {"local_path": "", "filename": "seq_98.jpg", "width": 1920, "height": 960, "id_view": 165, "id_intrinsic": 0, "id_pose": 165}}}}, {"key": 38, "value": {"polymorphic_id": 1073741824, "ptr_wrapper": {"id": 2147483792, "data": {"local_path": "", "filename": "seq_132.jpg", "width": 1920, "height": 960, "id_view": 38, "id_intrinsic": 0, "id_pose": 38}}}}, {"key": 48, "value": {"polymorphic_id": 1073741824, "ptr_wrapper": {"id": 2147483793, "data": {"local_path": "", "filename": "seq_141.jpg", "width": 1920, "height": 960, "id_view": 48, "id_intrinsic": 0, "id_pose": 48}}}}, {"key": 166, "value": {"polymorphic_id": 1073741824, "ptr_wrapper": {"id": 2147483794, "data": {"local_path": "", "filename": "seq_99.jpg", "width": 1920, "height": 960, "id_view": 166, "id_intrinsic": 0, "id_pose": 166}}}}, {"key": 39, "value": {"polymorphic_id": 1073741824, "ptr_wrapper": {"id": 2147483795, "data": {"local_path": "", "filename": "seq_133.jpg", "width": 1920, "height": 960, "id_view": 39, "id_intrinsic": 0, "id_pose": 39}}}}, {"key": 153, "value": {"polymorphic_id": 1073741824, "ptr_wrapper": {"id": 2147483796, "data": {"local_path": "", "filename": "seq_87.jpg", "width": 1920, "height": 960, "id_view": 153, "id_intrinsic": 0, "id_pose": 153}}}}, {"key": 26, "value": {"polymorphic_id": 1073741824, "ptr_wrapper": {"id": 2147483797, "data": {"local_path": "", "filename": "seq_121.jpg", "width": 1920, "height": 960, "id_view": 26, "id_intrinsic": 0, "id_pose": 26}}}}, {"key": 152, "value": {"polymorphic_id": 1073741824, "ptr_wrapper": {"id": 2147483798, "data": {"local_path": "", "filename": "seq_86.jpg", "width": 1920, "height": 960, "id_view": 152, "id_intrinsic": 0, "id_pose": 152}}}}, {"key": 24, "value": {"polymorphic_id": 1073741824, "ptr_wrapper": {"id": 2147483801, "data": {"local_path": "", "filename": "seq_12.jpg", "width": 1920, "height": 960, "id_view": 24, "id_intrinsic": 0, "id_pose": 24}}}}, {"key": 150, "value": {"polymorphic_id": 1073741824, "ptr_wrapper": {"id": 2147483802, "data": {"local_path": "", "filename": "seq_84.jpg", "width": 1920, "height": 960, "id_view": 150, "id_intrinsic": 0, "id_pose": 150}}}}, {"key": 23, "value": {"polymorphic_id": 1073741824, "ptr_wrapper": {"id": 2147483803, "data": {"local_path": "", "filename": "seq_119.jpg", "width": 1920, "height": 960, "id_view": 23, "id_intrinsic": 0, "id_pose": 23}}}}, {"key": 149, "value": {"polymorphic_id": 1073741824, "ptr_wrapper": {"id": 2147483804, "data": {"local_path": "", "filename": "seq_83.jpg", "width": 1920, "height": 960, "id_view": 149, "id_intrinsic": 0, "id_pose": 149}}}}, {"key": 22, "value": {"polymorphic_id": 1073741824, "ptr_wrapper": {"id": 2147483805, "data": {"local_path": "", "filename": "seq_118.jpg", "width": 1920, "height": 960, "id_view": 22, "id_intrinsic": 0, "id_pose": 22}}}}, {"key": 148, "value": {"polymorphic_id": 1073741824, "ptr_wrapper": {"id": 2147483806, "data": {"local_path": "", "filename": "seq_82.jpg", "width": 1920, "height": 960, "id_view": 148, "id_intrinsic": 0, "id_pose": 148}}}}, {"key": 21, "value": {"polymorphic_id": 1073741824, "ptr_wrapper": {"id": 2147483807, "data": {"local_path": "", "filename": "seq_117.jpg", "width": 1920, "height": 960, "id_view": 21, "id_intrinsic": 0, "id_pose": 21}}}}, {"key": 147, "value": {"polymorphic_id": 1073741824, "ptr_wrapper": {"id": 2147483808, "data": {"local_path": "", "filename": "seq_81.jpg", "width": 1920, "height": 960, "id_view": 147, "id_intrinsic": 0, "id_pose": 147}}}}, {"key": 20, "value": {"polymorphic_id": 1073741824, "ptr_wrapper": {"id": 2147483809, "data": {"local_path": "", "filename": "seq_116.jpg", "width": 1920, "height": 960, "id_view": 20, "id_intrinsic": 0, "id_pose": 20}}}}, {"key": 145, "value": {"polymorphic_id": 1073741824, "ptr_wrapper": {"id": 2147483812, "data": {"local_path": "", "filename": "seq_8.jpg", "width": 1920, "height": 960, "id_view": 145, "id_intrinsic": 0, "id_pose": 145}}}}, {"key": 18, "value": {"polymorphic_id": 1073741824, "ptr_wrapper": {"id": 2147483813, "data": {"local_path": "", "filename": "seq_114.jpg", "width": 1920, "height": 960, "id_view": 18, "id_intrinsic": 0, "id_pose": 18}}}}, {"key": 144, "value": {"polymorphic_id": 1073741824, "ptr_wrapper": {"id": 2147483814, "data": {"local_path": "", "filename": "seq_79.jpg", "width": 1920, "height": 960, "id_view": 144, "id_intrinsic": 0, "id_pose": 144}}}}, {"key": 17, "value": {"polymorphic_id": 1073741824, "ptr_wrapper": {"id": 2147483815, "data": {"local_path": "", "filename": "seq_113.jpg", "width": 1920, "height": 960, "id_view": 17, "id_intrinsic": 0, "id_pose": 17}}}}], "intrinsics": [{"key": 0, "value": {"polymorphic_id": 2147483649, "polymorphic_name": "spherical", "ptr_wrapper": {"id": 2148483648, "data": {"value0": {"width": 1920, "height": 960}}}}}], "extrinsics": [{"key": 86, "value": {"rotation": [[0.8160604858538658, 0.04950497661640464, 0.5758424617186211], [-0.05177669296949707, 0.9985808067715194, -0.012471824753572334], [-0.5756426473890679, -0.01963745497131991, 0.8174655423130411]], "center": [0.17581699380232965, -0.13450584582373662, 5.3761580258905655]}}, {"key": 84, "value": {"rotation": [[0.9958827598980626, 0.045715516144740634, 0.07827911676454725], [-0.04694196214977927, 0.9988009178904681, 0.013898870842163742], [-0.07754985962170631, -0.017516221190040312, 0.9968345907260017]], "center": [0.24066064300489715, -0.13070686227468284, 5.29849049892213]}}, {"key": 83, "value": {"rotation": [[0.9889299925180913, 0.048175211164003126, -0.1403446433871688], [-0.045304553155868274, 0.9986948923694163, 0.02357985196278808], [0.14129744286969592, -0.01696057146866236, 0.9898218888537177]], "center": [0.31025924426706225, -0.12323622486573532, 5.087188505952256]}}, {"key": 82, "value": {"rotation": [[0.9605998066870993, 0.04158078601621362, -0.27480729543987986], [-0.03622418520270772, 0.9990423176344724, 0.02454090426088345], [0.2755645474278349, -0.013619317523861836, 0.9611860872854313]], "center": [0.3013682369587139, -0.11797812669277738, 4.867086411701534]}}, {"key": 81, "value": {"rotation": [[0.9630111346649394, 0.029192770418711676, -0.2678755992370832], [-0.023416737105579913, 0.9994198096632617, 0.024732579242327107], [0.2684421929106417, -0.017544976715009493, 0.9631360043407139]], "center": [0.22476256127737848, -0.11382884505722363, 4.639940463197842]}}, {"key": 79, "value": {"rotation": [[0.9902656798683206, 0.024701157447396857, -0.1369807873232288], [-0.021452666490048084, 0.999453709211442, 0.025140927666991327], [0.1375269659935807, -0.021957594682684003, 0.9902546125418207]], "center": [0.08046183584812128, -0.040730194766958036, 0.23645814750693955]}}, {"key": 78, "value": {"rotation": [[0.9977420676872159, 0.02364407725370201, 0.0628627391867402], [-0.0248963799561193, 0.9995053927984281, 0.019213017252387846], [-0.06237737275903572, -0.020734690199783145, 0.9978372292062465]], "center": [0.028866444990713343, -0.1114677801438619, 4.185760692182413]}}, {"key": 77, "value": {"rotation": [[0.978714379622525, 0.025041093825577437, 0.20369365905720896], [-0.029187577609366567, 0.9994228896787334, 0.01737736745043429], [-0.20314095705542262, -0.022952803885992606, 0.9788804423219304]], "center": [0.013013637870551304, -0.1088537668306935, 3.9459037814794673]}}, {"key": 76, "value": {"rotation": [[0.9504324209373831, 0.027347890506990914, 0.30972617925503576], [-0.033805653339537674, 0.9993082115228263, 0.015500844665281826], [-0.3090879988504761, -0.025203001167873374, 0.9506994360462934]], "center": [0.039475624625997956, -0.10509099169105329, 3.697119149557933]}}, {"key": 75, "value": {"rotation": [[-0.17716769946457436, 0.03462621769586212, -0.9835713656438505], [-0.010821954042099662, 0.9992519345898704, 0.037127571010127744], [0.9841211772831336, 0.017221970458694908, -0.17666044310025633]], "center": [-1.0794646449777974, -0.2560859797943725, 0.6108022072966652]}}, {"key": 73, "value": {"rotation": [[0.242605405011127, 0.036657747947814893, -0.9694322188656521], [-0.014847281122181588, 0.9993090935208834, 0.034071892371120474], [0.9700114307072191, 0.006127407434207395, 0.2429820552540234]], "center": [-1.5164478655594626, -0.26725770720746284, 0.7704012460308486]}}, {"key": 72, "value": {"rotation": [[0.3070643950867039, 0.0496437949523102, -0.9503930507388875], [-0.019920178423500783, 0.9987550219528758, 0.04573393286703321], [0.9514802382401919, 0.004888736712422392, 0.3076710199088372]], "center": [-1.7468254610878988, -0.26793498185205056, 0.7336075492737454]}}, {"key": 71, "value": {"rotation": [[0.20251890804252384, 0.05599896691751196, -0.97767592155552], [-0.018840095075920986, 0.9984016828301991, 0.05328349218432239], [0.9790971058596762, 0.007628592661683336, 0.2032502444554694]], "center": [-1.9966618310620017, -0.2703057775963905, 0.6328593412061354]}}, {"key": 70, "value": {"rotation": [[0.07592439926249027, 0.05134045117057586, -0.9957909638424279], [-0.015358412444978518, 0.9986152982715714, 0.05031505962582661], [0.9969952882355061, 0.011473627655727438, 0.07660777443979057]], "center": [-2.251449160533276, -0.27288022479633023, 0.5464257105464398]}}, {"key": 68, "value": {"rotation": [[0.9357719316805028, 0.03538447921016947, 0.3508259262226288], [-0.04119871471054211, 0.9991093464044832, 0.009120297879216739], [-0.35019074485934043, -0.02298809601144403, 0.9363962781091288]], "center": [0.10223997829095564, -0.10105317652603328, 3.448613767532682]}}, {"key": 67, "value": {"rotation": [[-0.1465396764970918, 0.04650296564288407, -0.9881111260372208], [-0.0062114677207346525, 0.9988314474276484, 0.0479286688563658], [0.9891852914802576, 0.013161071993027051, -0.14607958551116035]], "center": [-2.785554354492848, -0.28223553891186837, 0.46754086833812275]}}, {"key": 66, "value": {"rotation": [[-0.25518454023791814, 0.03726283214622973, -0.9661740690807243], [-0.0050611418281492895, 0.9991919383716408, 0.039872987554466055], [0.9668791213315953, 0.01506491399129631, -0.2547897429243908]], "center": [-3.058464424342162, -0.2850509454826049, 0.48356706464188903]}}, {"key": 65, "value": {"rotation": [[-0.3369041114490693, 0.037434312502872186, -0.9407945003751619], [-0.0012176863333568729, 0.9991911534003246, 0.04019398221777133], [0.9415381760336151, 0.014687110470282079, -0.3365860244533737]], "center": [-3.3287727587173856, -0.2925230008140904, 0.5401070590066777]}}, {"key": 64, "value": {"rotation": [[-0.4275720812457696, 0.03768812800449266, -0.903195283616272], [0.0010105269698563921, 0.9991498437461357, 0.04121369405083339], [0.9039806934743707, 0.016709121747999888, -0.4272466630367127]], "center": [-3.578023626375475, -0.29747928375109345, 0.6033094001459938]}}, {"key": 62, "value": {"rotation": [[-0.6334036394807838, 0.02914017520431329, -0.7732727071878065], [0.009316842712169867, 0.999505456538956, 0.03003396062343286], [0.7737654851015092, 0.011819159780422346, -0.6333618882816608]], "center": [-4.037657566937205, -0.3110335593004787, 0.7889458585771673]}}, {"key": 61, "value": {"rotation": [[-0.7655783940166546, 0.03035500923165117, -0.6426260934862716], [0.014772222451551091, 0.9994523217755067, 0.029611449498326285], [0.643172996991262, 0.013176870345283444, -0.7656075143499976]], "center": [-4.261524761848024, -0.3165426854637551, 0.9121142818174865]}}, {"key": 60, "value": {"rotation": [[-0.9357699673187728, 0.02983391638642998, -0.3513467029833499], [0.02371248821767756, 0.9994829816480412, 0.021713758275984194], [0.35181285673884816, 0.01198777831747292, -0.9359935934632575]], "center": [-4.487927781136805, -0.3207721326144991, 1.029891774104984]}}, {"key": 59, "value": {"rotation": [[-0.9542724658222765, 0.03544019343502053, 0.2968300080227071], [0.040512430353864426, 0.9991190086586997, 0.010952146989520302], [-0.2961803571479637, 0.0224766373406945, -0.9548675284109098]], "center": [-4.687092932161941, -0.3269115666686305, 1.1373105861205768]}}, {"key": 11, "value": {"rotation": [[-0.500854159664224, 0.038181512842293715, -0.8646891249600159], [0.0004257564795212563, 0.9990372792150188, 0.04386722546586923], [0.8655315877993502, 0.02160293534978569, -0.5003882329809612]], "center": [-4.261345706315339, -0.37800959838162174, 4.576292285359428]}}, {"key": 138, "value": {"rotation": [[-0.5876883644674775, 0.0017252824857624054, 0.8090855391550917], [-0.0019296315991953366, 0.9999918937276486, -0.0035339780534137965], [-0.8090850775977966, -0.0036381148050803748, -0.5876802713459355]], "center": [-1.3979035744985515, -0.3438638306446837, 5.044781963095792]}}, {"key": 12, "value": {"rotation": [[-0.3001900138603313, 0.04340000669593222, -0.9528915966663403], [-0.0016528366094724768, 0.9989392447775464, 0.04601796795174774], [0.9538779920459831, 0.015389108553088244, -0.2997998526154821]], "center": [-4.026114919662465, -0.3779183926217393, 4.561972729051923]}}, {"key": 139, "value": {"rotation": [[-0.4980192369106662, -0.0005997308568699742, 0.8671657742264839], [-0.008664749685792469, 0.9999532808159529, -0.004284658480578133], [-0.8671226913071763, -0.009647616716679245, -0.4980011663760314]], "center": [-1.6273224329161433, -0.3451863598979285, 4.950541668145809]}}, {"key": 13, "value": {"rotation": [[0.9840503112719516, 0.027306800097243174, -0.17578203421858662], [-0.023325136094008162, 0.9994233014657218, 0.024677976285606217], [0.17635453754233588, -0.020184230374382505, 0.9841197457283452]], "center": [0.28158916582437565, -0.07221824201322384, 2.324920124937002]}}, {"key": 141, "value": {"rotation": [[-0.34959099290586687, 0.0006324029999497341, 0.9369022028715355], [-0.012292536753865041, 0.9999105999839987, -0.005261708828432444], [-0.9368217713200548, -0.013356350777288735, -0.349551965628387]], "center": [-2.1096704008445935, -0.3562390305317372, 4.814069679770415]}}, {"key": 15, "value": {"rotation": [[0.0665709749745364, 0.044985999303654184, -0.9967670566173378], [-0.007171824448024684, 0.9989788760744217, 0.044606839062767405], [0.9977559171586136, 0.004179117578693165, 0.06682562944886561]], "center": [-3.9337710096827134, -0.37582866504295415, 4.579451817895707]}}, {"key": 142, "value": {"rotation": [[-0.3214569931403804, -0.001405945076783612, 0.9469231356765905], [-0.012387318403522314, 0.9999195732226441, -0.002720556747276147], [-0.9468431527470192, -0.01260438037693485, -0.3214485552796876]], "center": [-2.3635106223674067, -0.3577100522006683, 4.739665410760407]}}, {"key": 16, "value": {"rotation": [[0.13771654914391498, 0.0412225955427734, -0.9896134850074593], [-0.01310649422663571, 0.9991219134776724, 0.03979474610802032], [0.9903849614674988, 0.007489968319796306, 0.13813590580869853]], "center": [-3.719281757640853, -0.3731641222955111, 4.618278358039961]}}, {"key": 143, "value": {"rotation": [[-0.301619374036156, 0.00063