{
    "sfm_data_version": "0.3",
    "root_path": "/home/chung/extlink/dataset/OmniScenes_ver1_1_release/turtlebot_pano/turtlebot_room_1_scene_1_new/images",
    "views": [],
    "intrinsics": [],
    "extrinsics": [
        {
            "key": 33,
            "value": {
                "rotation": [
                    [
                        -0.18193214756078122,
                        0.02874690718366767,
                        0.9828907920065666
                    ],
                    [
                        0.033086696040749968,
                        0.9991855177974225,
                        -0.0230991681452758
                    ],
                    [
                        -0.9827542745920921,
                        0.028318127608835648,
                        -0.18273510724461393
                    ]
                ],
                "center": [
                    0.9589307057115823,
                    -0.03929001891318167,
                    -0.7788099727456632
                ]
            }
        },
        {
            "key": 4,
            "value": {
                "rotation": [
                    [
                        0.9554575307594646,
                        0.0028779052908357056,
                        -0.29511459566779088
                    ],
                    [
                        -0.0003749098517407528,
                        0.9999634831868557,
                        0.008537665688824914
                    ],
                    [
                        0.2951283896165019,
                        -0.008046735608186112,
                        0.9554237194503924
                    ]
                ],
                "center": [
                    0.11462511580612496,
                    -0.004063584693088796,
                    -0.23684840670549194
                ]
            }
        },
        {
            "key": 0,
            "value": {
                "rotation": [
                    [
                        -0.18733238859911728,
                        0.0295765887260449,
                        0.9818512115290583
                    ],
                    [
                        0.032793466165506209,
                        0.9991777431778744,
                        -0.02384168858997053
                    ],
                    [
                        -0.9817490334900264,
                        0.02773198401304395,
                        -0.18814827212626526
                    ]
                ],
                "center": [
                    2.1638625037079737,
                    -0.0595442535975355,
                    -0.4734146401212876
                ]
            }
        },
        {
            "key": 1,
            "value": {
                "rotation": [
                    [
                        -0.18598488665083286,
                        0.03173153643005922,
                        0.9820400865205375
                    ],
                    [
                        0.0330249647841892,
                        0.9991155354526188,
                        -0.026028801705624817
                    ],
                    [
                        -0.9819974407494554,
                        0.02759087553912522,
                        -0.1868683224853923
                    ]
                ],
                "center": [
                    1.8741771544694886,
                    -0.05589481928320262,
                    -0.5579871599846328
                ]
            }
        },
        {
            "key": 37,
            "value": {
                "rotation": [
                    [
                        0.07034778622748496,
                        0.00010199893941692143,
                        0.9975225203318011
                    ],
                    [
                        0.02487150867623998,
                        0.9996889328675053,
                        -0.0018562215375293873
                    ],
                    [
                        -0.9972124131944307,
                        0.024940471095090134,
                        0.07032336647583913
                    ]
                ],
                "center": [
                    -0.18760205815618403,
                    -0.00898586405391093,
                    -0.9261341790243514
                ]
            }
        },
        {
            "key": 38,
            "value": {
                "rotation": [
                    [
                        0.5934087312781056,
                        -0.034317926237543577,
                        0.8041693587682035
                    ],
                    [
                        0.04498696219255235,
                        0.9989430341439139,
                        0.009433332817032686
                    ],
                    [
                        -0.8036431116332641,
                        0.030579314480634755,
                        0.5943253777606165
                    ]
                ],
                "center": [
                    -0.2573916948238236,
                    -0.006035152217406095,
                    -0.7734594218095118
                ]
            }
        },
        {
            "key": 12,
            "value": {
                "rotation": [
                    [
                        -0.18751037433272733,
                        0.03016197777658995,
                        0.9817994268760829
                    ],
                    [
                        0.03217367601689582,
                        0.9991807106007787,
                        -0.024551214529678415
                    ],
                    [
                        -0.9817355622005145,
                        0.026984489247102004,
                        -0.18832717077180537
                    ]
                ],
                "center": [
                    1.5845548254019566,
                    -0.050259524996787669,
                    -0.6388395238627443
                ]
            }
        },
        {
            "key": 2,
            "value": {
                "rotation": [
                    [
                        0.9915932226593507,
                        -0.04971433625810874,
                        0.11946282077056002
                    ],
                    [
                        0.05119758912975673,
                        0.9986445183380527,
                        -0.009377252297945794
                    ],
                    [
                        -0.11883470723380382,
                        0.015414628239902782,
                        0.992794390391526
                    ]
                ],
                "center": [
                    -0.13002046313862057,
                    -0.010415275204703903,
                    -0.6151466741333329
                ]
            }
        },
        {
            "key": 3,
            "value": {
                "rotation": [
                    [
                        0.9330676709214069,
                        -0.02868340090239947,
                        -0.3585554127244119
                    ],
                    [
                        0.03311739237928999,
                        0.9994320539024488,
                        0.006229603063498609
                    ],
                    [
                        0.35817308637486608,
                        -0.017687061514136124,
                        0.9334876582214132
                    ]
                ],
                "center": [
                    0.09119204216736973,
                    -0.011484564061540123,
                    -0.4251659303435984
                ]
            }
        },
        {
            "key": 42,
            "value": {
                "rotation": [
                    [
                        -0.9570276594399694,
                        0.048291402870613817,
                        -0.2859475467207964
                    ],
                    [
                        0.04970770302069835,
                        0.9987611416114182,
                        0.002307870763722673
                    ],
                    [
                        0.2857047485206713,
                        -0.012005099576599172,
                        -0.958242492408313
                    ]
                ],
                "center": [
                    0.405381745187747,
                    -0.025509595269222784,
                    -0.8987733031114348
                ]
            }
        },
        {
            "key": 36,
            "value": {
                "rotation": [
                    [
                        -0.16133140455484613,
                        0.02665246088201514,
                        0.986540330768739
                    ],
                    [
                        0.030325923580200813,
                        0.9992970892819815,
                        -0.022037824565207133
                    ],
                    [
                        -0.9864342432536334,
                        0.02636235348924066,
                        -0.16202626347336386
                    ]
                ],
                "center": [
                    0.042487933677615326,
                    -0.020670571242968298,
                    -0.9950995139770829
                ]
            }
        },
        {
            "key": 23,
            "value": {
                "rotation": [
                    [
                        -0.1861611437684482,
                        0.030789362963470895,
                        0.9820366814325863
                    ],
                    [
                        0.03933350632531476,
                        0.9989411544653939,
                        -0.023863050842310379
                    ],
                    [
                        -0.9817315844114315,
                        0.03418457318221061,
                        -0.1871750814755279
                    ]
                ],
                "center": [
                    1.2818471663019875,
                    -0.04491989046128575,
                    -0.6993551482443287
                ]
            }
        },
        {
            "key": 35,
            "value": {
                "rotation": [
                    [
                        -0.1871153797728294,
                        0.03561008831703347,
                        0.9816922920459971
                    ],
                    [
                        0.036833235631035968,
                        0.9988943313482379,
                        -0.029213482389232907
                    ],
                    [
                        -0.9816471603409336,
                        0.030692611658353798,
                        -0.18822012693697527
                    ]
                ],
                "center": [
                    0.3762689314973446,
                    -0.03048719526763281,
                    -0.9321766429612234
                ]
            }
        },
        {
            "key": 5,
            "value": {
                "rotation": [
                    [
                        0.9999945348053776,
                        0.002343537409475936,
                        -0.0023319930932390717
                    ],
                    [
                        -0.0023550792049593716,
                        0.9999849310907992,
                        -0.00495895082330229
                    ],
                    [
                        0.0023203364658807245,
                        0.004964415750110918,
                        0.9999849851947504
                    ]
                ],
                "center": [
                    0.02124635824357409,
                    -0.0004062438244981291,
                    -0.0004857789063884346
                ]
            }
        },
        {
            "key": 34,
            "value": {
                "rotation": [
                    [
                        -0.18142446372438129,
                        0.029704195381740643,
                        0.9829561662348143
                    ],
                    [
                        0.033157837336307827,
                        0.9991601494904179,
                        -0.024073917285401877
                    ],
                    [
                        -0.9828457263403547,
                        0.028225103135485587,
                        -0.1822570211747454
                    ]
                ],
                "center": [
                    0.6939469828434807,
                    -0.035206707214909777,
                    -0.8396947668695562
                ]
            }
        }
    ],
    "structure": [],
    "control_points": []
}