{
    "sfm_data_version": "0.3",
    "root_path": "/home/chung/extlink/dataset/OmniScenes_ver1_1_release/turtlebot_pano/turtlebot_room_5_scene_1/images",
    "views": [],
    "intrinsics": [],
    "extrinsics": [
        {
            "key": 12,
            "value": {
                "rotation": [
                    [
                        -0.036551736937193938,
                        0.01997046411632188,
                        -0.9991321990056437
                    ],
                    [
                        0.01832525862937154,
                        0.9996455853410308,
                        0.01931032377654043
                    ],
                    [
                        0.9991637280361218,
                        -0.017603530076858988,
                        -0.036904746385692788
                    ]
                ],
                "center": [
                    -5.776689115561305,
                    0.050911970700215,
                    2.0953452854796539
                ]
            }
        },
        {
            "key": 14,
            "value": {
                "rotation": [
                    [
                        -0.28759604421286896,
                        0.02170069228239044,
                        -0.9575059244242693
                    ],
                    [
                        0.01651384214348132,
                        0.9997070110140158,
                        0.017697037805307789
                    ],
                    [
                        0.9576094237061212,
                        -0.010722503620298429,
                        -0.2878701435462576
                    ]
                ],
                "center": [
                    -5.631555003016487,
                    0.04546405936885692,
                    2.3366620622535327
                ]
            }
        },
        {
            "key": 15,
            "value": {
                "rotation": [
                    [
                        -0.5379244236754557,
                        0.021618597287109153,
                        -0.8427158184493553
                    ],
                    [
                        0.015633336171158517,
                        0.9997550248598268,
                        0.0156680907479688
                    ],
                    [
                        0.8428480961677427,
                        -0.004746211000875901,
                        -0.5381306163633015
                    ]
                ],
                "center": [
                    -5.418149450454258,
                    0.030185627618490454,
                    2.5276876699260435
                ]
            }
        },
        {
            "key": 18,
            "value": {
                "rotation": [
                    [
                        -0.9935808850751278,
                        0.014567924540500604,
                        -0.11218199671920656
                    ],
                    [
                        0.012645133680531272,
                        0.9997610235757867,
                        0.017832451679366799
                    ],
                    [
                        0.11241496967720663,
                        0.01629942677758142,
                        -0.9935276560213082
                    ]
                ],
                "center": [
                    -4.578382481393756,
                    0.01917981180523709,
                    2.6666376918073806
                ]
            }
        },
        {
            "key": 74,
            "value": {
                "rotation": [
                    [
                        -0.501474327722158,
                        -0.011981993933520103,
                        0.8650895505420156
                    ],
                    [
                        0.019485774428799894,
                        0.9994940378678395,
                        0.025139070419385184
                    ],
                    [
                        -0.8649530641777734,
                        0.029463538280694775,
                        -0.5009871222710843
                    ]
                ],
                "center": [
                    -0.8576734089221533,
                    -0.10617760834028387,
                    5.95753599903322
                ]
            }
        },
        {
            "key": 75,
            "value": {
                "rotation": [
                    [
                        -0.2821300949900441,
                        -0.007571713680205865,
                        0.9593462767180856
                    ],
                    [
                        0.01810727456988037,
                        0.999748704566343,
                        0.013215684831672018
                    ],
                    [
                        -0.9592052627610836,
                        0.021099688857044924,
                        -0.28192209388690389
                    ]
                ],
                "center": [
                    -0.8098138627998598,
                    -0.10214187169973688,
                    5.676232607347982
                ]
            }
        },
        {
            "key": 76,
            "value": {
                "rotation": [
                    [
                        -0.1787597337498797,
                        -0.00041736870756487544,
                        0.9838926686346606
                    ],
                    [
                        0.015934307810394334,
                        0.9998675316344857,
                        0.0033191893233851467
                    ],
                    [
                        -0.9837637193067631,
                        0.01627098603412877,
                        -0.1787294032586733
                    ]
                ],
                "center": [
                    -0.7854553147112896,
                    -0.09312494401622378,
                    5.374209048260726
                ]
            }
        },
        {
            "key": 77,
            "value": {
                "rotation": [
                    [
                        -0.11826979603590812,
                        -0.000935188745595519,
                        0.9929810576076639
                    ],
                    [
                        0.015439374036393269,
                        0.9998769394185276,
                        0.0027806021653455899
                    ],
                    [
                        -0.9928614611691748,
                        0.01565986721041052,
                        -0.11824080295719948
                    ]
                ],
                "center": [
                    -0.7632521110244239,
                    -0.084887916903877,
                    5.097856500036328
                ]
            }
        },
        {
            "key": 78,
            "value": {
                "rotation": [
                    [
                        -0.09086356723611497,
                        -0.002763164329456477,
                        0.9958595167351751
                    ],
                    [
                        0.015328432772675148,
                        0.9998738051084304,
                        0.00417288949321037
                    ],
                    [
                        -0.9957453747308405,
                        0.01564412927833909,
                        -0.09080974573943604
                    ]
                ],
                "center": [
                    -0.7383461104175674,
                    -0.07891399410053357,
                    4.796225302227718
                ]
            }
        },
        {
            "key": 79,
            "value": {
                "rotation": [
                    [
                        -0.07438236752950033,
                        -0.007443447802736234,
                        0.9972020148823979
                    ],
                    [
                        0.01597050046274336,
                        0.9998350089893978,
                        0.008654358100979669
                    ],
                    [
                        -0.9971019037769789,
                        0.016569546885126929,
                        -0.07425121952093265
                    ]
                ],
                "center": [
                    -0.7089918509581746,
                    -0.07081835162514147,
                    4.512321010462699
                ]
            }
        },
        {
            "key": 110,
            "value": {
                "rotation": [
                    [
                        0.5103904132144114,
                        -0.013203684698203765,
                        0.8598414323636729
                    ],
                    [
                        0.018210050231798958,
                        0.9998238575307423,
                        0.004544005160781941
                    ],
                    [
                        -0.8597499753820163,
                        0.013338539003064537,
                        0.5105409515483416
                    ]
                ],
                "center": [
                    -2.209225317672067,
                    -0.08289590444692828,
                    5.142316634527
                ]
            }
        },
        {
            "key": 81,
            "value": {
                "rotation": [
                    [
                        -0.06775023453726285,
                        -0.005955300501280907,
                        0.9976845393790992
                    ],
                    [
                        0.013260848818112827,
                        0.9998884773732809,
                        0.006868966790225474
                    ],
                    [
                        -0.9976141817399996,
                        0.013695517955941215,
                        -0.0676637065135325
                    ]
                ],
                "center": [
                    -0.6682013840929049,
                    -0.06316855681678359,
                    4.2216105414371249
                ]
            }
        },
        {
            "key": 57,
            "value": {
                "rotation": [
                    [
                        0.988662162533977,
                        -0.0028659920872448074,
                        -0.15012965883860486
                    ],
                    [
                        0.0052080998716704219,
                        0.9998707617544236,
                        0.015209716774336822
                    ],
                    [
                        0.15006666541696307,
                        -0.01581916173457641,
                        0.988549315943645
                    ]
                ],
                "center": [
                    -0.39164571006340406,
                    0.008659882400578082,
                    0.26815726100207057
                ]
            }
        },
        {
            "key": 6,
            "value": {
                "rotation": [
                    [
                        0.10039107351297737,
                        0.03263633251033073,
                        -0.994412641793731
                    ],
                    [
                        0.019922138592114455,
                        0.9991955523255981,
                        0.03480454864898788
                    ],
                    [
                        0.9947485816792244,
                        -0.023304892469571914,
                        0.09966012860795
                    ]
                ],
                "center": [
                    -1.5434368798395895,
                    -0.10832481711165101,
                    5.885937384220113
                ]
            }
        },
        {
            "key": 122,
            "value": {
                "rotation": [
                    [
                        0.655485778022107,
                        0.006642398856277523,
                        -0.7551783056657462
                    ],
                    [
                        0.013107578851771385,
                        0.9997106297062741,
                        0.020170479144763693
                    ],
                    [
                        0.7550937598652221,
                        -0.023120021403944994,
                        0.655209034143214
                    ]
                ],
                "center": [
                    -1.2527203387194073,
                    0.0004533596219369786,
                    1.0812288339726688
                ]
            }
        },
        {
            "key": 4,
            "value": {
                "rotation": [
                    [
                        0.30887578623225506,
                        0.04363579896565408,
                        -0.9501008713436882
                    ],
                    [
                        0.006094177996609922,
                        0.9988356890714419,
                        0.04785527381306539
                    ],
                    [
                        0.9510828616235034,
                        -0.02057141914907304,
                        0.3082502344528569
                    ]
                ],
                "center": [
                    -1.120831621796983,
                    -0.08028106243706594,
                    4.452883810199729
                ]
            }
        },
        {
            "key": 1,
            "value": {
                "rotation": [
                    [
                        0.9998173535630778,
                        -0.003834793933089291,
                        -0.01872308387029896
                    ],
                    [
                        0.004024634949667718,
                        0.9999407703001046,
                        0.010112279918756308
                    ],
                    [
                        0.018683196397978068,
                        -0.010185786524569937,
                        0.999773568326964
                    ]
                ],
                "center": [
                    -0.11482758295759625,
                    0.007588883636210412,
                    0.19095905385310406
                ]
            }
        },
        {
            "key": 128,
            "value": {
                "rotation": [
                    [
                        -0.4236568132905373,
                        0.032233760411678327,
                        -0.9052490758030239
                    ],
                    [
                        0.0188832891936256,
                        0.999463755277865,
                        0.026751135959002384
                    ],
                    [
                        0.90562593047115,
                        -0.005760779078357958,
                        -0.4240383089800656
                    ]
                ],
                "center": [
                    -1.0470761534976603,
                    -0.05067074470467332,
                    2.7853822352248969
                ]
            }
        },
        {
            "key": 0,
            "value": {
                "rotation": [
                    [
                        0.9989681075570336,
                        -0.0008067348036662815,
                        0.04541001280417512
                    ],
                    [
                        0.00048389457107218825,
                        0.9999745354418503,
                        0.007119993953626806
                    ],
                    [
                        -0.04541460040518778,
                        -0.007090673227003832,
                        0.9989430596501608
                    ]
                ],
                "center": [
                    0.1512578355478638,
                    0.003815810389725429,
                    0.17652233418544206
                ]
            }
        },
        {
            "key": 127,
            "value": {
                "rotation": [
                    [
                        0.9761229162071153,
                        -0.001661829365750097,
                        0.2172125474701587
                    ],
                    [
                        -0.0007684271287457054,
                        0.9999380596888062,
                        0.01110343665417069
                    ],
                    [
                        -0.21721754527446586,
                        -0.011005230980970104,
                        0.9760611778551541
                    ]
                ],
                "center": [
                    -6.316746888115527,
                    0.03747878213558767,
                    3.5977754359462708
                ]
            }
        },
        {
            "key": 24,
            "value": {
                "rotation": [
                    [
                        -0.0736596137784603,
                        0.03313133686520218,
                        -0.9967329511035203
                    ],
                    [
                        0.022031345646137257,
                        0.999258161191542,
                        0.03158713505715668
                    ],
                    [
                        0.997040059930908,
                        -0.019632671993977853,
                        -0.07433489815253927
                    ]
                ],
                "center": [
                    -1.526176540774524,
                    -0.12113436453558686,
                    6.78257766019244
                ]
            }
        },
        {
            "key": 111,
            "value": {
                "rotation": [
                    [
                        0.7859507069448745,
                        -0.00000984332388954521,
                        -0.6182891606327585
                    ],
                    [
                        0.012902413663021558,
                        0.9997825020659608,
                        0.016385245936370874
                    ],
                    [
                        0.6181545227323992,
                        -0.020855418141002555,
                        0.7857798912924939
                    ]
                ],
                "center": [
                    -1.0968831453162112,
                    0.0022462290461733064,
                    0.8240916025202998
                ]
            }
        },
        {
            "key": 13,
            "value": {
                "rotation": [
                    [
                        0.025881350819701389,
                        0.034911946019099349,
                        -0.9990552095379449
                    ],
                    [
                        0.019081239935658434,
                        0.9991906563572286,
                        0.03541099449222982
                    ],
                    [
                        0.999482897283523,
                        -0.019979696533490949,
                        0.025194240694337935
                    ]
                ],
                "center": [
                    -1.566191059410848,
                    -0.11962847382866293,
                    6.4817254563288169
                ]
            }
        },
        {
            "key": 72,
            "value": {
                "rotation": [
                    [
                        -0.7805791454329326,
                        0.01955414189565842,
                        0.6247510170059085
                    ],
                    [
                        0.030854827915012443,
                        0.9994974559171395,
                        0.007267407343787204
                    ],
                    [
                        -0.6242949441646372,
                        0.024949371733372758,
                        -0.7807902096854074
                    ]
                ],
                "center": [
                    -1.160566951402564,
                    -0.13477461681942294,
                    6.482036681145925
                ]
            }
        },
        {
            "key": 100,
            "value": {
                "rotation": [
                    [
                        0.8858101810096249,
                        -0.002827028440451224,
                        -0.46403914827295808
                    ],
                    [
                        0.01347934215654106,
                        0.9997162408456565,
                        0.019640395221490339
                    ],
                    [
                        0.46385194896078899,
                        -0.02365260449985002,
                        0.8855969307453879
                    ]
                ],
                "center": [
                    -0.8953179139856893,
                    0.004099249497033569,
                    0.594151497969174
                ]
            }
        },
        {
            "key": 41,
            "value": {
                "rotation": [
                    [
                        -0.4703911984445532,
                        0.06499284953938475,
                        -0.8800613898670068
                    ],
                    [
                        0.043545720803306587,
                        0.9977787729946537,
                        0.050411212651583919
                    ],
                    [
                        0.8813829421004342,
                        -0.014609916838696858,
                        -0.4721765132917444
                    ]
                ],
                "center": [
                    -1.8726590624843336,
                    -0.10297510135621702,
                    5.7322235563961609
                ]
            }
        },
        {
            "key": 89,
            "value": {
                "rotation": [
                    [
                        0.9531349416721718,
                        -0.003256971086312372,
                        -0.3025279740832711
                    ],
                    [
                        0.008924834457267857,
                        0.9998095662550037,
                        0.017354496676415096
                    ],
                    [
                        0.3024138394543077,
                        -0.01924118926481062,
                        0.9529825005435199
                    ]
                ],
                "center": [
                    -0.6752703705613494,
                    0.005680778109056881,
                    0.40961500733451869
                ]
            }
        },
        {
            "key": 2,
            "value": {
                "rotation": [
                    [
                        -0.25616514657060276,
                        0.05737288946729328,
                        -0.964928893357762
                    ],
                    [
                        0.021353372948321258,
                        0.9983293122435659,
                        0.05369001563622711
                    ],
                    [
                        0.9663971498023943,
                        -0.006850975803647136,
                        -0.25696227930252
                    ]
                ],
                "center": [
                    -0.7701234299117354,
                    -0.05835677395014319,
                    3.6251211628592459
                ]
            }
        },
        {
            "key": 129,
            "value": {
                "rotation": [
                    [
                        -0.5058436838671989,
                        0.042246598446486007,
                        -0.8615900373213253
                    ],
                    [
                        0.023137838425768825,
                        0.9991051599663167,
                        0.03540508101478623
                    ],
                    [
                        0.8623147963039045,
                        -0.0020258944646568668,
                        -0.5063685296569819
                    ]
                ],
                "center": [
                    -0.8904314744172054,
                    -0.05357451667205679,
                    3.0302169204309705
                ]
            }
        },
        {
            "key": 71,
            "value": {
                "rotation": [
                    [
                        -0.7964017749204783,
                        0.027499055147625147,
                        0.6041423796337249
                    ],
                    [
                        0.0353374678886559,
                        0.9993748378015411,
                        0.0010940440401949244
                    ],
                    [
                        -0.6037346074780955,
                        0.022220160555935326,
                        -0.7968756416142598
                    ]
                ],
                "center": [
                    -1.3905601313455032,
                    -0.1239659801969412,
                    6.669305482507204
                ]
            }
        },
        {
            "key": 130,
            "value": {
                "rotation": [
                    [
                        -0.42676925540743396,
                        0.050918323088299,
                        -0.9029259809158556
                    ],
                    [
                        0.022344973259924886,
                        0.9987026107964214,
                        0.04575803053481195
                    ],
                    [
                        0.9040844566792406,
                        -0.0006477362790039209,
                        -0.4273533381508973
                    ]
                ],
                "center": [
                    -0.7878616140838858,
                    -0.05292417377128089,
                    3.323527912571263
                ]
            }
        },
        {
            "key": 3,
            "value": {
                "rotation": [
                    [
                        -0.027721683433938619,
                        0.059118365774970999,
                        -0.9978659865411214
                    ],
                    [
                        0.018017034094989449,
                        0.99811702323214,
                        0.05863270773750544
                    ],
                    [
                        0.9994532979334295,
                        -0.016353188138967899,
                        -0.028734621759874253
                    ]
                ],
                "center": [
                    -0.8538086418165446,
                    -0.060762670375548149,
                    3.9645143373339106
                ]
            }
        },
        {
            "key": 58,
            "value": {
                "rotation": [
                    [
                        -0.28407468203111166,
                        0.05456299904854692,
                        -0.9572483764226248
                    ],
                    [
                        0.02758495626875618,
                        0.9984312779739916,
                        0.04872425834092328
                    ],
                    [
                        0.9584052614716667,
                        -0.012564326406556434,
                        -0.2851341657630244
                    ]
                ],
                "center": [
                    -1.2504936087777983,
                    -0.15303674472481597,
                    7.622344325635002
                ]
            }
        },
        {
            "key": 45,
            "value": {
                "rotation": [
                    [
                        -0.16099750893979165,
                        0.05347718734422122,
                        -0.9855049429348046
                    ],
                    [
                        0.029158826148142269,
                        0.9983528105181583,
                        0.049410814485860318
                    ],
                    [
                        0.9865239809415907,
                        -0.020781149252261163,
                        -0.16229164754512516
                    ]
                ],
                "center": [
                    -1.7005967053228928,
                    -0.12221914453684929,
                    6.926717378513561
                ]
            }
        },
        {
            "key": 104,
            "value": {
                "rotation": [
                    [
                        -0.01425287860560534,
                        -0.01408881690039472,
                        0.9997991601765832
                    ],
                    [
                        0.01871102097257874,
                        0.9997218848052285,
                        0.014354467445554477
                    ],
                    [
                        -0.9997233383019613,
                        0.018911855536380266,
                        -0.013985298514993779
                    ]
                ],
                "center": [
                    -1.4722483623802414,
                    -0.13260101417181215,
                    6.730840481782879
                ]
            }
        },
        {
            "key": 103,
            "value": {
                "rotation": [
                    [
                        -0.2620789043762064,
                        -0.019952948842045669,
                        0.9648401565614244
                    ],
                    [
                        0.022278767018318613,
                        0.9993946897694993,
                        0.02671910553647797
                    ],
                    [
                        -0.9647892538897346,
                        0.028497962962862407,
                        -0.2614757382356087
                    ]
                ],
                "center": [
                    -1.3944969032217996,
                    -0.12882641978685387,
                    7.023599782310925
                ]
            }
        },
        {
            "key": 44,
            "value": {
                "rotation": [
                    [
                        -0.21427251209117427,
                        0.050518044191789349,
                        -0.9754666666643069
                    ],
                    [
                        0.030605479902481193,
                        0.9985185489106898,
                        0.044989021785645
                    ],
                    [
                        0.9762943178991038,
                        -0.020214714747600044,
                        -0.215501206830952
                    ]
                ],
                "center": [
                    -1.6829830002431399,
                    -0.11522968267980358,
                    6.633725951363352
                ]
            }
        },
        {
            "key": 69,
            "value": {
                "rotation": [
                    [
                        -0.18430607153103607,
                        0.05592512228515126,
                        -0.9812765424151274
                    ],
                    [
                        0.03351239117529904,
                        0.998156946500712,
                        0.05059278397250458
                    ],
                    [
                        0.9822974048802685,
                        -0.023560366078769998,
                        -0.18584057015550718
                    ]
                ],
                "center": [
                    -1.2422084189283105,
                    -0.1613836439512839,
                    7.921540824396612
                ]
            }
        },
        {
            "key": 10,
            "value": {
                "rotation": [
                    [
                        -0.4604841344247973,
                        -0.01006474205375374,
                        0.887610873587315
                    ],
                    [
                        0.016905498661964639,
                        0.9996549241799609,
                        0.02010563795921647
                    ],
                    [
                        -0.8875069385971219,
                        0.024263831728483764,
                        -0.4601550830011729
                    ]
                ],
                "center": [
                    -5.981682853486372,
                    0.058146150908391997,
                    2.0734206845034288
                ]
            }
        },
        {
            "key": 39,
            "value": {
                "rotation": [
                    [
                        -0.8439646389950369,
                        0.06051969804175705,
                        -0.532973783853307
                    ],
                    [
                        0.04808533013921794,
                        0.9981503526297065,
                        0.037197776420045378
                    ],
                    [
                        0.5342391684923331,
                        0.005765387595627246,
                        -0.8453137116801625
                    ]
                ],
                "center": [
                    -2.0488655827792408,
                    -0.08876146289954698,
                    5.178323432259248
                ]
            }
        },
        {
            "key": 68,
            "value": {
                "rotation": [
                    [
                        -0.24099435368042466,
                        0.025737513056999184,
                        0.9701851894951784
                    ],
                    [
                        0.03261927698020532,
                        0.999298332719862,
                        -0.018407199477184324
                    ],
                    [
                        -0.9699781978289219,
                        0.02721070827716552,
                        -0.24166479489493698
                    ]
                ],
                "center": [
                    -1.9432078941991896,
                    -0.11036247480943619,
                    6.940527372427059
                ]
            }
        },
        {
            "key": 9,
            "value": {
                "rotation": [
                    [
                        -0.7651550599383222,
                        -0.006422434504984674,
                        0.6438140155245238
                    ],
                    [
                        0.013444473351962144,
                        0.9995728376704539,
                        0.025949726929676565
                    ],
                    [
                        -0.6437056628514859,
                        0.028511305239598968,
                        -0.764741868270898
                    ]
                ],
                "center": [
                    -6.036171329563857,
                    0.0569529285393844,
                    2.3505837601260568
                ]
            }
        },
        {
            "key": 38,
            "value": {
                "rotation": [
                    [
                        -0.916005331908486,
                        0.05908142596608455,
                        -0.3967916544246344
                    ],
                    [
                        0.051537186935772878,
                        0.9982305578717972,
                        0.029659259830750383
                    ],
                    [
                        0.39784186591907547,
                        0.0067185144767895588,
                        -0.9174294039789948
                    ]
                ],
                "center": [
                    -2.260483843152824,
                    -0.07357453531675275,
                    4.9791667208392689
                ]
            }
        },
        {
            "key": 70,
            "value": {
                "rotation": [
                    [
                        -0.6199032493986533,
                        0.044772674240253499,
                        0.7833998781123005
                    ],
                    [
                        0.04941451055543809,
                        0.998616666841673,
                        -0.01797105596768002
                    ],
                    [
                        -0.7831207873192727,
                        0.027571005556619286,
                        -0.6212581364626457
                    ]
                ],
                "center": [
                    -1.692863367323343,
                    -0.12036954529922624,
                    6.793508217091065
                ]
            }
        },
        {
            "key": 11,
            "value": {
                "rotation": [
                    [
                        0.17381484498451783,
                        0.020528038370045657,
                        -0.9845643703200345
                    ],
                    [
                        0.014861096023938354,
                        0.9996141869710932,
                        0.023465400722936716
                    ],
                    [
                        0.9846662112045764,
                        -0.01871034063823127,
                        0.173442715803305
                    ]
                ],
                "center": [
                    -5.841034958326794,
                    0.051967504221358169,
                    1.8238231739670346
                ]
            }
        },
        {
            "key": 40,
            "value": {
                "rotation": [
                    [
                        -0.6980519706330735,
                        0.06949032413232324,
                        -0.7126672022390729
                    ],
                    [
                        0.04973906577946784,
                        0.9975814133145506,
                        0.04855254004406396
                    ],
                    [
                        0.7143174865776902,
                        -0.0015552045940384837,
                        -0.6998200552342024
                    ]
                ],
                "center": [
                    -1.9135307143566467,
                    -0.08834369226857258,
                    5.435446193482848
                ]
            }
        },
        {
            "key": 34,
            "value": {
                "rotation": [
                    [
                        -0.9991395111250994,
                        0.02913770639168429,
                        -0.029516628786657816
                    ],
                    [
                        0.028686545366830977,
                        0.9994667982788352,
                        0.015594911130570459
                    ],
                    [
                        0.029955290411112766,
                        0.01473476177227317,
                        -0.9994426283543745
                    ]
                ],
                "center": [
                    -3.0676917326092569,
                    -0.0595006476165752,
                    4.677168508832149
                ]
            }
        },
        {
            "key": 8,
            "value": {
                "rotation": [
                    [
                        -0.9234674458333219,
                        0.01290558214784283,
                        0.3834596751100513
                    ],
                    [
                        0.021331133529764739,
                        0.9996152755765265,
                        0.01772804491194273
                    ],
                    [
                        -0.3830833580676876,
