{
    "sfm_data_version": "0.3",
    "root_path": "/home/chung/extlink/dataset/OmniScenes_ver1_1_release/turtlebot_pano/turtlebot_weddingHall_1_scene_1/images",
    "views": [],
    "intrinsics": [],
    "extrinsics": [
        {
            "key": 54,
            "value": {
                "rotation": [
                    [
                        0.9829354146014411,
                        -0.010390520754236889,
                        0.1836573107740305
                    ],
                    [
                        0.02371039438171555,
                        0.9972314125220759,
                        -0.07047926700447987
                    ],
                    [
                        -0.18241652315663885,
                        0.07363115480339166,
                        0.9804604352658818
                    ]
                ],
                "center": [
                    0.5233717889777083,
                    0.20331244826629767,
                    2.8356056250778844
                ]
            }
        },
        {
            "key": 53,
            "value": {
                "rotation": [
                    [
                        0.9718344260229938,
                        -0.009494139089983174,
                        0.23547337369541025
                    ],
                    [
                        0.026577624159310074,
                        0.9972290848230809,
                        -0.06948224432879859
                    ],
                    [
                        -0.2341612228585355,
                        0.07378355986166878,
                        0.969393886922924
                    ]
                ],
                "center": [
                    0.5269326814012174,
                    0.20056570431323826,
                    2.7984334719726609
                ]
            }
        },
        {
            "key": 52,
            "value": {
                "rotation": [
                    [
                        0.9477510396501876,
                        -0.004026741097147183,
                        0.31898550468340255
                    ],
                    [
                        0.02878890859259572,
                        0.9969199161379445,
                        -0.07295121348929566
                    ],
                    [
                        -0.31770924692875349,
                        0.07832283296491624,
                        0.9449478124490867
                    ]
                ],
                "center": [
                    0.5327756467304885,
                    0.19765768528723405,
                    2.7611447567165414
                ]
            }
        },
        {
            "key": 51,
            "value": {
                "rotation": [
                    [
                        0.8862456127014875,
                        0.007885224232475823,
                        0.4631485044844348
                    ],
                    [
                        0.029489524701804428,
                        0.9968664345989154,
                        -0.07340081404799172
                    ],
                    [
                        -0.462275980232833,
                        0.07870917868234789,
                        0.8832359725978803
                    ]
                ],
                "center": [
                    0.5351596662797873,
                    0.1953414624323377,
                    2.7279186247268498
                ]
            }
        },
        {
            "key": 50,
            "value": {
                "rotation": [
                    [
                        0.7945861209878753,
                        0.023371981001476449,
                        0.6067014478617209
                    ],
                    [
                        0.029260695343917944,
                        0.9966235964589922,
                        -0.07671517900086263
                    ],
                    [
                        -0.606445964650959,
                        0.07870932273378166,
                        0.791219397179668
                    ]
                ],
                "center": [
                    0.5460068808310277,
                    0.19290148144484277,
                    2.6931541550966586
                ]
            }
        },
        {
            "key": 49,
            "value": {
                "rotation": [
                    [
                        0.6953670939993583,
                        0.038110784615906109,
                        0.7176434857774768
                    ],
                    [
                        0.025923284222385723,
                        0.996612808387524,
                        -0.0780441765480146
                    ],
                    [
                        -0.7181870145846505,
                        0.07287302830191894,
                        0.6920237957094356
                    ]
                ],
                "center": [
                    0.5598258234964744,
                    0.18980116719197957,
                    2.6648508528078085
                ]
            }
        },
        {
            "key": 47,
            "value": {
                "rotation": [
                    [
                        0.6208367069884254,
                        0.04924407734086984,
                        0.782391720369416
                    ],
                    [
                        0.02287096261878303,
                        0.9964625350761214,
                        -0.08086615644730383
                    ],
                    [
                        -0.783606216364226,
                        0.06809873006536919,
                        0.6175142594619379
                    ]
                ],
                "center": [
                    0.5820804168583779,
                    0.1868178004191876,
                    2.6325752363066829
                ]
            }
        },
        {
            "key": 46,
            "value": {
                "rotation": [
                    [
                        0.6014164340995002,
                        0.05837173495195105,
                        0.7968004852870892
                    ],
                    [
                        0.018480346140499174,
                        0.9960441641415134,
                        -0.086916626062918
                    ],
                    [
                        -0.7987219476147935,
                        0.06699823608374295,
                        0.5979585995368727
                    ]
                ],
                "center": [
                    0.6107826105807059,
                    0.18287581945301632,
                    2.6062572540622965
                ]
            }
        },
        {
            "key": 45,
            "value": {
                "rotation": [
                    [
                        0.6812664140635302,
                        0.054655911642508828,
                        0.7299923317347551
                    ],
                    [
                        0.012048717027389062,
                        0.9962365427839378,
                        -0.08583460397707316
                    ],
                    [
                        -0.7319364053570586,
                        0.06727170389125985,
                        0.6780439634482075
                    ]
                ],
                "center": [
                    0.635703172583963,
                    0.18043490553742742,
                    2.5855800789518295
                ]
            }
        },
        {
            "key": 42,
            "value": {
                "rotation": [
                    [
                        0.9959089260749906,
                        -0.0008386764756538698,
                        -0.09035877149412927
                    ],
                    [
                        -0.004965937336807084,
                        0.9979378218482131,
                        -0.06399564978348949
                    ],
                    [
                        0.09022610725574937,
                        0.06418255484641693,
                        0.9938510196316452
                    ]
                ],
                "center": [
                    0.7215246634760529,
                    0.17266553951850256,
                    2.5318994980794304
                ]
            }
        },
        {
            "key": 43,
            "value": {
                "rotation": [
                    [
                        0.926173521369915,
                        0.029873085096097934,
                        0.375912499260257
                    ],
                    [
                        0.001150788952938084,
                        0.9966287357633026,
                        -0.08203559432116554
                    ],
                    [
                        -0.37709585518543856,
                        0.07641179122152775,
                        0.9230167680840258
                    ]
                ],
                "center": [
                    0.6982668853371671,
                    0.1748942146739641,
                    2.547622011536753
                ]
            }
        },
        {
            "key": 44,
            "value": {
                "rotation": [
                    [
                        0.7815331704709452,
                        0.04489605480190416,
                        0.6222461311385206
                    ],
                    [
                        0.007846498940495862,
                        0.9966209214296141,
                        -0.08176289759520413
                    ],
                    [
                        -0.6238143441024816,
                        0.06878287019317715,
                        0.7785400316361254
                    ]
                ],
                "center": [
                    0.6700450989809249,
                    0.17766661501754536,
                    2.5674919786432928
                ]
            }
        },
        {
            "key": 41,
            "value": {
                "rotation": [
                    [
                        0.860613083799965,
                        -0.027229531994483543,
                        -0.5085308963865183
                    ],
                    [
                        0.0038362603388359809,
                        0.9988878225189444,
                        -0.04699362861042481
                    ],
                    [
                        0.5092449342889206,
                        0.03849247472848765,
                        0.8597603888818963
                    ]
                ],
                "center": [
                    0.7325728061645671,
                    0.16997185866065174,
                    2.5059158257640865
                ]
            }
        },
        {
            "key": 40,
            "value": {
                "rotation": [
                    [
                        0.6134686773972986,
                        -0.04286787757005017,
                        -0.7885547076297549
                    ],
                    [
                        0.017515203669266817,
                        0.9990185736721634,
                        -0.040683007490353747
                    ],
                    [
                        0.7895247934630256,
                        0.011146054489157405,
                        0.6136174426925065
                    ]
                ],
                "center": [
                    0.7316001310781429,
                    0.16880023351140034,
                    2.4815379243098198
                ]
            }
        },
        {
            "key": 39,
            "value": {
                "rotation": [
                    [
                        0.3776913331496702,
                        -0.049300878296955379,
                        -0.9246181267219312
                    ],
                    [
                        0.030449662637874049,
                        0.9987027211315723,
                        -0.040812900529515857
                    ],
                    [
                        0.9254307510067212,
                        -0.012739631216848154,
                        0.3787025572762801
                    ]
                ],
                "center": [
                    0.7219994152270015,
                    0.1673156948036351,
                    2.4599293321379904
                ]
            }
        },
        {
            "key": 38,
            "value": {
                "rotation": [
                    [
                        0.24457867611964496,
                        -0.05374329520728295,
                        -0.9681388998526114
                    ],
                    [
                        0.03668205237331953,
                        0.9982608581269188,
                        -0.046148522894983768
                    ],
                    [
                        0.968935342642244,
                        -0.024226377194509195,
                        0.24612473347225084
                    ]
                ],
                "center": [
                    0.6998621129957042,
                    0.16678962869134857,
                    2.4411468458220426
                ]
            }
        },
        {
            "key": 36,
            "value": {
                "rotation": [
                    [
                        0.30342085970246138,
                        -0.06288002642501843,
                        -0.9507796191411594
                    ],
                    [
                        0.04033480804202938,
                        0.9977734188211073,
                        -0.05311598586350018
                    ],
                    [
                        0.9520025657305928,
                        -0.02223301533368545,
                        0.30528152232249536
                    ]
                ],
                "center": [
                    0.6663508811559626,
                    0.1674806124894995,
                    2.4315911163497185
                ]
            }
        },
        {
            "key": 35,
            "value": {
                "rotation": [
                    [
                        0.39360621846801016,
                        -0.0690111658654908,
                        -0.9166851170217606
                    ],
                    [
                        0.03759722249583976,
                        0.997552345690981,
                        -0.058955631342729557
                    ],
                    [
                        0.9185099855983665,
                        -0.011259511193086164,
                        0.3952374346690624
                    ]
                ],
                "center": [
                    0.6306879550146037,
                    0.16812196809914146,
                    2.4259515644737559
                ]
            }
        },
        {
            "key": 34,
            "value": {
                "rotation": [
                    [
                        0.48148875161746798,
                        -0.0710426664025206,
                        -0.873568269579586
                    ],
                    [
                        0.036745849018261379,
                        0.9974693646289665,
                        -0.06086550095590345
                    ],
                    [
                        0.875681634297408,
                        -0.002793953669285569,
                        0.48288080224535176
                    ]
                ],
                "center": [
                    0.5990017123583024,
                    0.16894974873872699,
                    2.421254026307008
                ]
            }
        },
        {
            "key": 33,
            "value": {
                "rotation": [
                    [
                        0.6089895620933892,
                        -0.06174121527224399,
                        -0.7907716077338693
                    ],
                    [
                        0.03207931817844464,
                        0.998067335850168,
                        -0.05322133457697257
                    ],
                    [
                        0.79252926167209,
                        0.007043823227081268,
                        0.6097932058885516
                    ]
                ],
                "center": [
                    0.568464888514688,
                    0.1704568742020943,
                    2.409319230880477
                ]
            }
        },
        {
            "key": 32,
            "value": {
                "rotation": [
                    [
                        0.6500806806790535,
                        -0.05543290088542336,
                        -0.7578405519021038
                    ],
                    [
                        0.032322986267936868,
                        0.9984501115351562,
                        -0.045305621441017008
                    ],
                    [
                        0.7591774055954123,
                        0.004956639472546455,
                        0.6508648850249627
                    ]
                ],
                "center": [
                    0.5370672619036802,
                    0.16967056952941496,
                    2.39052279288577
                ]
            }
        },
        {
            "key": 31,
            "value": {
                "rotation": [
                    [
                        0.5866897496514477,
                        -0.052841150238316179,
                        -0.8080859796428926
                    ],
                    [
                        0.027441317586109488,
                        0.9985930315501007,
                        -0.04537544962551873
                    ],
                    [
                        0.8093467191155223,
                        0.004446367176854434,
                        0.5873143264691138
                    ]
                ],
                "center": [
                    0.510898900368545,
                    0.1691071241794267,
                    2.3655496621604685
                ]
            }
        },
        {
            "key": 23,
            "value": {
                "rotation": [
                    [
                        0.6265802705222565,
                        -0.06410092847050897,
                        -0.77671631601343
                    ],
                    [
                        0.0311533863031298,
                        0.9978753433774925,
                        -0.05722119887855851
                    ],
                    [
                        0.7787339925251137,
                        0.011656330832224806,
                        0.6272459635879899
                    ]
                ],
                "center": [
                    0.29698211012027017,
                    0.17109877271370783,
                    2.2720480124406166
                ]
            }
        },
        {
            "key": 24,
            "value": {
                "rotation": [
                    [
                        0.6006608196652064,
                        -0.0649883027639944,
                        -0.79685826859171
                    ],
                    [
                        0.03304629470728799,
                        0.9978571851161878,
                        -0.05647105911984583
                    ],
                    [
                        0.7988207071209669,
                        0.007586739474468031,
                        0.6015213373263703
                    ]
                ],
                "center": [
                    0.32545890855588069,
                    0.1709879516432643,
                    2.2949141987131127
                ]
            }
        },
        {
            "key": 62,
            "value": {
                "rotation": [
                    [
                        0.6347320897603577,
                        -0.07905101498122783,
                        -0.7686781584375133
                    ],
                    [
                        0.036668108029721837,
                        0.9967141893328287,
                        -0.07222378165204617
                    ],
                    [
                        0.7718617907902747,
                        0.01765677810472467,
                        0.6355451314462182
                    ]
                ],
                "center": [
                    0.4812441599022776,
                    0.20523589004955129,
                    2.8393938966069025
                ]
            }
        },
        {
            "key": 3,
            "value": {
                "rotation": [
                    [
                        0.6980965248097143,
                        -0.09372809323640495,
                        -0.7098424378598872
                    ],
                    [
                        0.049876926330277699,
                        0.995352490005682,
                        -0.08237543844698288
                    ],
                    [
                        0.7142643308106909,
                        0.02210124833027294,
                        0.699526983435092
                    ]
                ],
                "center": [
                    0.3368077541163359,
                    0.13113317718372706,
                    1.728963660591331
                ]
            }
        },
        {
            "key": 66,
            "value": {
                "rotation": [
                    [
                        -0.00013972531665630314,
                        -0.059494714306318568,
                        -0.9982286108133975
                    ],
                    [
                        0.03996353430132126,
                        0.9974308422882319,
                        -0.059452760897501507
                    ],
                    [
                        0.9992011291041374,
                        -0.03990105038464397,
                        0.002238252715646384
                    ]
                ],
                "center": [
                    0.5417985367476232,
                    0.20104125427930537,
                    2.8225922477136748
                ]
            }
        },
        {
            "key": 7,
            "value": {
                "rotation": [
                    [
                        0.9875139007402111,
                        -0.041700159752841168,
                        -0.1519124501857567
                    ],
                    [
                        0.03133310849202149,
                        0.9970540591338365,
                        -0.0700102812233129
                    ],
                    [
                        0.15438436500202894,
                        0.06437623661979376,
                        0.9859113388137863
                    ]
                ],
                "center": [
                    0.07044242421984902,
                    0.1462120178584401,
                    1.8108774689028982
                ]
            }
        },
        {
            "key": 64,
            "value": {
                "rotation": [
                    [
                        0.3207235729208179,
                        -0.08542945285757087,
                        -0.9433123546086741
                    ],
                    [
                        0.042233270714859136,
                        0.9962235179466548,
                        -0.07586206650702901
                    ],
                    [
                        0.9462308072651358,
                        -0.015508413021568283,
                        0.32312033131315368
                    ]
                ],
                "center": [
                    0.4719204785147168,
                    0.2054792735407062,
                    2.831487172881643
                ]
            }
        },
        {
            "key": 5,
            "value": {
                "rotation": [
                    [
                        0.9589973569097328,
                        -0.02215188813696613,
                        0.2825479840524686
                    ],
                    [
                        0.04235173090628052,
                        0.9969478085799166,
                        -0.06558504293620544
                    ],
                    [
                        -0.2802327609852009,
                        0.07486227901733454,
                        0.9570084842105331
                    ]
                ],
                "center": [
                    0.05098399263018792,
                    0.14355025868011443,
                    1.7520941885124626
                ]
            }
        },
        {
            "key": 67,
            "value": {
                "rotation": [
                    [
                        -0.01472872844600646,
                        -0.04726236975261068,
                        -0.9987739148394551
                    ],
                    [
                        0.04169635917769844,
                        0.9979843475933365,
                        -0.04783989538059785
                    ],
                    [
                        0.9990217606187005,
                        -0.0423498567184081,
                        -0.01272837170427313
                    ]
                ],
                "center": [
                    0.576229430049344,
                    0.20041224694816674,
                    2.8230812558855269
                ]
            }
        },
        {
            "key": 8,
            "value": {
                "rotation": [
                    [
                        0.9444118855870661,
                        -0.05189434241017357,
                        -0.324643138827387
                    ],
                    [
                        0.03071552898043841,
                        0.9970719933733898,
                        -0.07002853925269878
                    ],
                    [
                        0.3273266665600807,
                        0.05616419906159604,
                        0.9432406035060382
                    ]
                ],
                "center": [
                    0.09223141504868067,
                    0.14761529718376777,
                    1.8391096792169484
                ]
            }
        },
        {
            "key": 60,
            "value": {
                "rotation": [
                    [
                        0.9034249658430134,
                        -0.05984623138559667,
                        -0.42454888962343526
                    ],
                    [
                        0.03734453706350357,
                        0.9974306934151129,
                        -0.061134257049215528
                    ],
                    [
                        0.42711674825867315,
                        0.039375632342713868,
                        0.9033387199354119
                    ]
                ],
                "center": [
                    0.5186119519698987,
                    0.2061967892410257,
                    2.8723694099994194
                ]
            }
        },
        {
            "key": 1,
            "value": {
                "rotation": [
                    [
                        0.9998593133149627,
                        0.0009280482461021445,
                        -0.016747904459490559
                    ],
                    [
                        -0.002090658070550348,
                        0.997577327950647,
                        -0.06953491143072854
                    ],
                    [
                        0.01664279802687516,
                        0.06956014293616803,
                        0.9974389223348648
                    ]
                ],
                "center": [
                    -0.14654649624684325,
                    0.04531798391451626,
                    0.27267328780715696
                ]
            }
        },
        {
            "key": 65,
            "value": {
                "rotation": [
                    [
                        0.11194918071205923,
                        -0.06868467453628798,
                        -0.9913373776983004
                    ],
                    [
                        0.03809435568925422,
                        0.9971717321916565,
                        -0.06478700936539374
                    ],
                    [
                        0.9929834847581903,
                        -0.030511506054851268,
                        0.11424905687026692
                    ]
                ],
                "center": [
                    0.5032972971547052,
                    0.20335452048522749,
                    2.827887636405658
                ]
            }
        },
        {
            "key": 6,
            "value": {
                "rotation": [
                    [
                        0.9991223596757168,
                        -0.035278596882440459,
                        0.022581651800382874
                    ],
                    [
                        0.03684447925439306,
                        0.9966392935580353,
                        -0.07316148498091794
                    ],
                    [
                        -0.01992472696174459,
                        0.07392928471280339,
                        0.9970644242562028
                    ]
                ],
                "center": [
                    0.060656934673203318,
                    0.14482607824259695,
                    1.7793509943229887
                ]
            }
        },
        {
            "key": 69,
            "value": {
                "rotation": [
                    [
                        0.5657551561609181,
                        -0.04047199647160536,
                        -0.8235794562632908
                    ],
                    [
                        0.017735310668599376,
                        0.9991609399112844,
                        -0.036917135737853597
                    ],
                    [
                        0.8243825337989783,
                        0.0062796223772775589,
                        0.5659982370202008
                    ]
                ],
                "center": [
                    0.5996639428940218,
                    0.20156815046804334,
                    2.859069946326116
                ]
            }
        },
        {
            "key": 10,
            "value": {
                "rotation": [
                    [
                        0.8812270404081319,
                        -0.046153236946520227,
                        -0.47043467343817577
                    ],
                    [
                        0.02182297735970486,
                        0.998133054592582,
                        -0.057045271397721159
                    ],
                    [
                        0.47218922151260769,
                        0.04000355045543101,
                        0.8805890386771104
                    ]
                ],
                "center": [
                    0.13265696644924156,
                    0.150247112205651,
                    1.9022273240529773
                ]
            }
        },
        {
            "key": 55,
            "value": {
                "rotation": [
                    [
                        0.9966687557125323,
                        -0.020617547759835154,
                        0.07890695857022698
                    ],
                    [
                        0.026128006507675697,
                        0.9972430597150213,
                        -0.06945219309825612
                    ],
                    [
                        -0.07725748288915098,
                        0.07128251240376923,
                        0.99445969489117
                    ]
                ],
                "center": [
                    0.5253690651202817,
                    0.2061266536473883,
                    2.8735682137653359
                ]
            }
        },
        {
            "key": 58,
            "value": {
                "rotation": [
                    [
                        0.9556969572645423,
                        -0.051409025688786639,
                        -0.28982829046355215
                    ],
                    [
                        0.03526532150052934,
                        0.9975356608286925,
                        -0.060654451399118947
                    ],
                    [
                        0.29223224150452628,
                        0.04774638680354206,
                        0.9551547516358
                    ]
                ],
                "center": [
                    0.5304894299539449,
                    0.20684595923061664,
                    2.890592291979726
                ]
            }
        },
        {
            "key": 22,
            "value": {
                "rotation": [
                    [
                        0.6791671485696715,
                        -0.06947045574298348,
                        -0.7306886067830837
                    ],
                    [
                        0.03423276595046681,
                        0.9974255160073975,
                        -0.0630115684042014
                    ],
                    [
                        0.7331849030354637,
                        0.017781895181306297,
                        0.6797968094692992
                    ]
                ],
                "center": [
                    0.26987953867232836,
                    0.17093899430745153,
                    2.2474275509296035
                ]
            }
        },
        {
            "key": 80,
            "value": {
                "rotation": [
                    [
                        0.9564063739321276,
                        0.004986667821946944,
                        0.29199654286657747
                    ],
                    [
                        0.018638530463042325,
                        0.9967735233885351,
                        -0.07807143045816331
                    ],
                    [
                        -0.2914437391404689,
                        0.08011040017150799,
                        0.9532276069754712
                    ]
                ],
                "center": [
                    0.5401353975465639,
                    0.22358373982672784,
                    3.0988286451762745
                ]
            }
        },
        {
            "key": 21,
            "value": {
                "rotation": [
                    [
                        0.7479487795053973,
                        -0.06633277219338987,
                        -0.6604336352499972
                    ],
                    [
                        0.031692073817913449,
                        0.9974280096663011,
                        -0.06428824146172659
                    ],
                    [
                        0.6629994235996789,
                        0.027153800217670847,
                        0.7481272855873072
                    ]
                ],
                "center": [
                    0.24462768411046643,
                    0.17178578860799086,
                    2.2311958057507788
                ]
            }
        },
        {
            "key": 79,
            "value": {
                "rotation": [
                    [
                        0.9665487299379459,
                        -0.001193009894123699,
                        0.2564802709424962
                    ],
                    [
                        0.02253243197502956,
                        0.9965177672198697,
                        -0.0802784474464742
                    ],
                    [
                        -0.255491373953475,
                        0.08337215567872872,
                        0.9632098636812476
                    ]
                ],
                "center": [
                    0.5517963954124922,
                    0.22046800063618053,
                    3.0663319835490414
                ]
            }
        },
        {
            "key": 20,
            "value": {
                "rotation": [
                    [
                        0.8659404395956926,
                        -0.06179089350818554,
                        -0.49631546475228718
                    ],
                    [
                        0.03405825043049813,
                        0.9973206050362723,
                        -0.06474292507832169
                    ],
                    [
                        0.4989861627845327,
                        0.03915988061197039,
                        0.8657247328683777
                    ]
                ],
                "center": [
                    0.21893466470100807,
                    0.17166432167981014,
                    2.211671441908906
                ]
            }
        },
        {
            "key": 78,
            "value": {
                "rotation": [
                    [
                        0.9683859989528671,
                        -0.0004911435862841657,
                        0.24945603983474774
                    ],
                    [
                        0.02065468544179431,
                        0.9967222227188756,
                        -0.0782188897111482
                    ],
                    [
                        -0.24859996178873024,
                        0.08089851368425681,
                        0.9652219897424218
                    ]
                ],
                "center": [
                    0.5617281313578025,
                    0.21656628416963567,
                    3.029353037715173
                ]
            }
        },
        {
            "key": 19,
            "value": {
                "rotation": [
                    [
                        0.944436245056457,
                        -0.0536305953543543,
                        -0.3242898984945375
                    ],
                    [
                        0.03275152334576657,
                        0.997043708089492,
                        -0.06950670383270509
                    ],
                    [
                        0.32705888879862546,
                        0.055023662192671119,
                        0.9434006995210016
                    ]
                ],
                "center": [
                    0.1919268081687304,
                    0.17032818866457598,
                    2.182826985807099
                ]
            }
        },
        {
            "key": 77,
            "value": {
                "rotation": [
                    [
                        0.9704135720640702,
                        -0.0025197919788640854,
                        0.24143560177039925
                    ],
                    [
                        0.02294209405002407,
                        0.9963835839985851,
                        -0.08181328656602433
                    ],
                    [
                        -0.24035631773359196,
                        0.08493176194167773,
                        0.9669619621986331
                    ]
                ],
                "center": [
                    0.5719704776371888,
