{
    "sfm_data_version": "0.3",
    "root_path": "/home/chung/extlink/dataset/360Roam_dataset/office/images/",
    "views": [],
    "intrinsics": [],
    "extrinsics": [
        {
            "key": 107,
            "value": {
                "rotation": [
                    [
                        -0.9859045310258096,
                        -0.02447999652365289,
                        -0.16550826406249495
                    ],
                    [
                        -0.021186834643497904,
                        0.999541442956862,
                        -0.021633812643698594
                    ],
                    [
                        0.1659619647406227,
                        -0.01782227768596142,
                        -0.9859710911976664
                    ]
                ],
                "center": [
                    1.6710600381840404,
                    -0.11096901035531431,
                    0.6173330747161946
                ]
            }
        },
        {
            "key": 108,
            "value": {
                "rotation": [
                    [
                        -0.9825052838229748,
                        -0.0260774593047447,
                        -0.18439992780949006
                    ],
                    [
                        -0.022409984897955927,
                        0.9995079785390585,
                        -0.021945236695894763
                    ],
                    [
                        0.18488147510448189,
                        -0.017428911411067614,
                        -0.9826062656070416
                    ]
                ],
                "center": [
                    1.675924984906952,
                    -0.11215451224487987,
                    0.5616805055813042
                ]
            }
        },
        {
            "key": 25,
            "value": {
                "rotation": [
                    [
                        -0.25587201505665915,
                        -0.0000628234338691517,
                        0.9667106640376224
                    ],
                    [
                        -0.024173854187245139,
                        0.9996877073597771,
                        -0.006333445151449029
                    ],
                    [
                        -0.9664083695232458,
                        -0.024989674006852499,
                        -0.2557936267940479
                    ]
                ],
                "center": [
                    1.8346841206397795,
                    -0.11506043993260884,
                    0.27794359535859916
                ]
            }
        },
        {
            "key": 109,
            "value": {
                "rotation": [
                    [
                        -0.9720548085129064,
                        -0.026809434643288878,
                        -0.2332181456513282
                    ],
                    [
                        -0.022205843194527076,
                        0.9995037184660819,
                        -0.02234317122736849
                    ],
                    [
                        0.23370141158101075,
                        -0.016539981456538987,
                        -0.9721677217633079
                    ]
                ],
                "center": [
                    1.6842141686769919,
                    -0.11373157956037089,
                    0.480009777860575
                ]
            }
        },
        {
            "key": 14,
            "value": {
                "rotation": [
                    [
                        -0.97141259675076,
                        -0.027205594788999384,
                        -0.2358334634569958
                    ],
                    [
                        -0.022489922813755279,
                        0.9994901624505477,
                        -0.02266315371720434
                    ],
                    [
                        0.23632979127857904,
                        -0.016711396612942698,
                        -0.9715291858598322
                    ]
                ],
                "center": [
                    1.6915056231266153,
                    -0.11495265868851847,
                    0.4132520107702082
                ]
            }
        },
        {
            "key": 110,
            "value": {
                "rotation": [
                    [
                        -0.9714646031307078,
                        -0.022763819720761984,
                        -0.23608967231926265
                    ],
                    [
                        -0.017561079872411207,
                        0.999554895917584,
                        -0.024116768458955229
                    ],
                    [
                        0.23653357761174408,
                        -0.019282597307124156,
                        -0.9714319575262491
                    ]
                ],
                "center": [
                    1.6945489322550869,
                    -0.1152802775483529,
                    0.39311752212578146
                ]
            }
        },
        {
            "key": 15,
            "value": {
                "rotation": [
                    [
                        -0.9672933991273797,
                        -0.027318915947563559,
                        -0.25218476725617186
                    ],
                    [
                        -0.02233018772863737,
                        0.9994946454358871,
                        -0.022623360957092284
                    ],
                    [
                        0.2526753702294773,
                        -0.016252094524738408,
                        -0.967414609514946
                    ]
                ],
                "center": [
                    1.697662092707337,
                    -0.11550936714400477,
                    0.36821736857254219
                ]
            }
        },
        {
            "key": 24,
            "value": {
                "rotation": [
                    [
                        -0.20559586734865038,
                        0.00541672559146619,
                        0.9786219895409172
                    ],
                    [
                        -0.02626861368671945,
                        0.9995938296205729,
                        -0.011051503040534296
                    ],
                    [
                        -0.9782843652354535,
                        -0.02797918634170405,
                        -0.20537007052519153
                    ]
                ],
                "center": [
                    1.8089241746537415,
                    -0.11547532024637497,
                    0.27615814313188599
                ]
            }
        },
        {
            "key": 16,
            "value": {
                "rotation": [
                    [
                        -0.9706186604437526,
                        -0.029217608433631877,
                        -0.23884251580444036
                    ],
                    [
                        -0.024594848585433986,
                        0.9994484613345256,
                        -0.022312923589452934
                    ],
                    [
                        0.2393627151864612,
                        -0.015783044493004277,
                        -0.9708019293785406
                    ]
                ],
                "center": [
                    1.701980488328204,
                    -0.1157715418349465,
                    0.3462167246785159
                ]
            }
        },
        {
            "key": 17,
            "value": {
                "rotation": [
                    [
                        -0.9697929637552888,
                        -0.02758706933628192,
                        -0.24236452103426418
                    ],
                    [
                        -0.02266267000946424,
                        0.9994766491142033,
                        -0.023083138077090477
                    ],
                    [
                        0.24287447547812686,
                        -0.016893237726352748,
                        -0.9699106183975643
                    ]
                ],
                "center": [
                    1.7050630799789489,
                    -0.11634519291791627,
                    0.3188781959092121
                ]
            }
        },
        {
            "key": 113,
            "value": {
                "rotation": [
                    [
                        -0.9748991583211447,
                        -0.022213058961114374,
                        0.22153602667808607
                    ],
                    [
                        -0.026953507703925438,
                        0.9994673771067106,
                        -0.01839756836886914
                    ],
                    [
                        -0.22100936524767007,
                        -0.02390694691973106,
                        -0.9749786245666102
                    ]
                ],
                "center": [
                    1.7784821061886316,
                    -0.11615742434174163,
                    0.28402560818388408
                ]
            }
        },
        {
            "key": 20,
            "value": {
                "rotation": [
                    [
                        -0.6752733705541117,
                        -0.030438519076458924,
                        -0.7369391912342033
                    ],
                    [
                        -0.01593128886042527,
                        0.9995169133695896,
                        -0.02668583750561193
                    ],
                    [
                        0.7373954631374777,
                        -0.0062798443103536378,
                        -0.6754320798568149
                    ]
                ],
                "center": [
                    1.7755321074290747,
                    -0.11748403478818577,
                    0.2117562255605934
                ]
            }
        },
        {
            "key": 111,
            "value": {
                "rotation": [
                    [
                        -0.8827312839939628,
                        -0.03109886661841694,
                        -0.4688478865830788
                    ],
                    [
                        -0.021282381625749679,
                        0.9994295499099619,
                        -0.026222795409846197
                    ],
                    [
                        0.46939593148077626,
                        -0.013169482215357244,
                        -0.8828895878010306
                    ]
                ],
                "center": [
                    1.7118381400228982,
                    -0.11661821845269092,
                    0.3014058136004585
                ]
            }
        },
        {
            "key": 23,
            "value": {
                "rotation": [
                    [
                        -0.24465034536741182,
                        0.0007259846673625799,
                        0.9696110980480106
                    ],
                    [
                        -0.0248462691633989,
                        0.9996666521905639,
                        -0.0070176496613741519
                    ],
                    [
                        -0.9692929750185266,
                        -0.02580808873924232,
                        -0.24455075370025204
                    ]
                ],
                "center": [
                    1.760975000150859,
                    -0.11681860839924635,
                    0.2518412410820058
                ]
            }
        },
        {
            "key": 135,
            "value": {
                "rotation": [
                    [
                        0.9999401461401449,
                        0.010278323417460385,
                        -0.003749693981080829
                    ],
                    [
                        -0.01030169399050406,
                        0.9999272940198652,
                        -0.006267517453983497
                    ],
                    [
                        0.0036850017844881537,
                        0.00630577051882327,
                        0.9999733286543258
                    ]
                ],
                "center": [
                    0.7547867418836723,
                    -0.1319479021495762,
                    0.44035997316016586
                ]
            }
        },
        {
            "key": 8,
            "value": {
                "rotation": [
                    [
                        -0.9817120690740796,
                        -0.02605106489453454,
                        -0.1885808989589092
                    ],
                    [
                        -0.022254151403449847,
                        0.9995053025034095,
                        -0.022223928835402908
                    ],
                    [
                        0.18906656547259197,
                        -0.017620791282728245,
                        -0.9818061629135196
                    ]
                ],
                "center": [
                    1.6741605703591549,
                    -0.11173691074546725,
                    0.5782232366921029
                ]
            }
        },
        {
            "key": 76,
            "value": {
                "rotation": [
                    [
                        -0.22276819492629583,
                        0.003324937158758588,
                        0.9748657733873777
                    ],
                    [
                        -0.03233029378984536,
                        0.9994189247114129,
                        -0.010796528708119773
                    ],
                    [
                        -0.9743352007562603,
                        -0.03392282007105651,
                        -0.22253125363796559
                    ]
                ],
                "center": [
                    0.9021407522728722,
                    -0.13740435339905264,
                    0.01894591297458435
                ]
            }
        },
        {
            "key": 88,
            "value": {
                "rotation": [
                    [
                        0.9365653499732075,
                        0.012524936523817034,
                        0.35026914108245058
                    ],
                    [
                        -0.01230309498323528,
                        0.9999202279027837,
                        -0.002858615867619264
                    ],
                    [
                        -0.3502770033607641,
                        -0.0016321139419378309,
                        0.9366447336747715
                    ]
                ],
                "center": [
                    0.7536142490736567,
                    -0.1332373934896634,
                    0.3894532133840105
                ]
            }
        },
        {
            "key": 90,
            "value": {
                "rotation": [
                    [
                        0.9850031123371389,
                        0.005838083750821296,
                        -0.17243777273053688
                    ],
                    [
                        -0.007571063708791769,
                        0.9999272142076744,
                        -0.00939389595413145
                    ],
                    [
                        0.1723703793592951,
                        0.010558554114935783,
                        0.9849756186091789
                    ]
                ],
                "center": [
                    0.758884273893071,
                    -0.13143675092582514,
                    0.4657673637424737
                ]
            }
        },
        {
            "key": 91,
            "value": {
                "rotation": [
                    [
                        0.9859876529760323,
                        0.006440405495013033,
                        -0.1666939391695907
                    ],
                    [
                        -0.00800419143782287,
                        0.9999300228216694,
                        -0.008711049264144665
                    ],
                    [
                        0.16662617170853467,
                        0.009923237219550796,
                        0.9859702065807275
                    ]
                ],
                "center": [
                    0.7669545171658764,
                    -0.1307392276760878,
                    0.4908596925197796
                ]
            }
        },
        {
            "key": 133,
            "value": {
                "rotation": [
                    [
                        0.9512361570663652,
                        0.012118971386512436,
                        0.30822541105844317
                    ],
                    [
                        -0.011309043356053667,
                        0.9999263083500415,
                        -0.0044140013399083309
                    ],
                    [
                        -0.3082561905752815,
                        0.0007130231347627917,
                        0.9513031128772916
                    ]
                ],
                "center": [
                    0.773714438138513,
                    -0.13599442806951238,
                    0.24332882171679399
                ]
            }
        },
        {
            "key": 6,
            "value": {
                "rotation": [
                    [
                        -0.9836939473756147,
                        -0.025642213913828005,
                        -0.1780131870457328
                    ],
                    [
                        -0.022060410044975347,
                        0.9995129730701652,
                        -0.022071587461863348
                    ],
                    [
                        0.1784924541968907,
                        -0.017784643095564716,
                        -0.9837805396859273
                    ]
                ],
                "center": [
                    1.6718242374374286,
                    -0.1111492986484213,
                    0.6082671122668801
                ]
            }
        },
        {
            "key": 104,
            "value": {
                "rotation": [
                    [
                        -0.08324032318096725,
                        0.0014841837549635445,
                        0.9965283968835557
                    ],
                    [
                        -0.02903873206734849,
                        0.9995706228521499,
                        -0.0039143289189012019
                    ],
                    [
                        -0.9961063199461434,
                        -0.029263751118851837,
                        -0.0831614828740146
                    ]
                ],
                "center": [
                    0.8937859930998356,
                    -0.1283743656011395,
                    0.5020372265601774
                ]
            }
        },
        {
            "key": 89,
            "value": {
                "rotation": [
                    [
                        0.9766609371352623,
                        0.012482900042265249,
                        0.21442385846870266
                    ],
                    [
                        -0.011806638437137913,
                        0.9999204668707857,
                        -0.00443432314165581
                    ],
                    [
                        -0.21446215788079285,
                        0.001799205225854143,
                        0.9767306413221965
                    ]
                ],
                "center": [
                    0.7521604347573292,
                    -0.13267480523415577,
                    0.4182760736724752
                ]
            }
        },
        {
            "key": 92,
            "value": {
                "rotation": [
                    [
                        0.9839653516755756,
                        0.011665487753647479,
                        -0.17797781630706167
                    ],
                    [
                        -0.012328349004463379,
                        0.9999205734184371,
                        -0.002618905375931422
                    ],
                    [
                        0.1779331293289275,
                        0.004771084783719148,
                        0.98403101487565
                    ]
                ],
                "center": [
                    0.7750045227502441,
                    -0.13055158652562999,
                    0.5116106868895898
                ]
            }
        },
        {
            "key": 136,
            "value": {
                "rotation": [
                    [
                        0.9870087380293592,
                        0.007942842852264697,
                        -0.1604701289994996
                    ],
                    [
                        -0.009273250024247898,
                        0.9999285488064805,
                        -0.0075434816731807809
                    ],
                    [
                        0.16039874652776937,
                        0.00893356195422943,
                        0.9870118710446852
                    ]
                ],
                "center": [
                    0.7855072650581937,
                    -0.13003287271465836,
                    0.5398434919764944
                ]
            }
        },
        {
            "key": 9,
            "value": {
                "rotation": [
                    [
                        -0.9808063746903363,
                        -0.01999718806059576,
                        -0.19395609770375572
                    ],
                    [
                        -0.01590307548478088,
                        0.9996171263864795,
                        -0.022642721235791389
                    ],
                    [
                        0.1943346277865194,
                        -0.01912362686588408,
                        -0.980748866600706
                    ]
                ],
                "center": [
                    1.6776939647263827,
                    -0.1126665735895872,
                    0.5382890285107443
                ]
            }
        },
        {
            "key": 77,
            "value": {
                "rotation": [
                    [
                        0.055588250150721118,
                        0.0048836250590086,
                        0.9984418343856911
                    ],
                    [
                        -0.02630492804426519,
                        0.9996480981561732,
                        -0.0034249982965992738
                    ],
                    [
                        -0.9981072072707253,
                        -0.026073550947822593,
                        0.05569715194877037
                    ]
                ],
                "center": [
                    0.8627395831602833,
                    -0.13806199458935346,
                    0.026490653855777345
                ]
            }
        },
        {
            "key": 93,
            "value": {
                "rotation": [
                    [
                        0.984703979761537,
                        0.006478101386922895,
                        -0.1741152102609399
                    ],
                    [
                        -0.0078756010866808,
                        0.9999420730968333,
                        -0.007336576744692887
                    ],
                    [
                        0.17405759721803019,
                        0.008595618257463739,
                        0.9846979578517759
                    ]
                ],
                "center": [
                    0.7948867056790562,
                    -0.12930969710759103,
                    0.5669327539574788
                ]
            }
        },
        {
            "key": 94,
            "value": {
                "rotation": [
                    [
                        0.9396009069249225,
                        0.002643221789087145,
                        -0.3422618136521177
                    ],
                    [
                        -0.0063467906636553539,
                        0.9999327986438873,
                        -0.00970136302149594
                    ],
                    [
                        0.34221317033997247,
                        0.0112876735768185,
                        0.9395545404451453
                    ]
                ],
                "center": [
                    0.8146306603935123,
                    -0.12835533251879578,
                    0.602305012850383
                ]
            }
        },
        {
            "key": 95,
            "value": {
                "rotation": [
                    [
                        0.6500659968686817,
                        -0.00805901628141904,
                        -0.7598350162842609
                    ],
                    [
                        -0.007297213881733965,
                        0.9998314418222856,
                        -0.016847510591595
                    ],
                    [
                        0.7598427142407114,
                        0.016496672396137944,
                        0.6498976145633735
                    ]
                ],
                "center": [
                    0.8352350924394976,
                    -0.12742043706614895,
                    0.6276821219791766
                ]
            }
        },
        {
            "key": 83,
            "value": {
                "rotation": [
                    [
                        0.9562614409123592,
                        0.012171867251721647,
                        0.29225999088452939
                    ],
                    [
                        -0.011377552019604392,
                        0.9999255159117042,
                        -0.004417458404268593
                    ],
                    [
                        -0.29229199088284976,
                        0.0008990418892984591,
                        0.9563287007035926
                    ]
                ],
                "center": [
                    0.7758768259105927,
                    -0.13636057313312056,
                    0.222771730121509
                ]
            }
        },
        {
            "key": 82,
            "value": {
                "rotation": [
                    [
                        0.9581960499722732,
                        0.010768262549601289,
                        0.28590973110266079
                    ],
                    [
                        -0.009679736288675042,
                        0.9999395239098536,
                        -0.005220270904549959
                    ],
                    [
                        -0.28594865364766916,
                        0.002234512161085206,
                        0.9582423359633445
                    ]
                ],
                "center": [
                    0.779722603256215,
                    -0.1369276657431076,
                    0.19675340137693712
                ]
            }
        },
        {
            "key": 132,
            "value": {
                "rotation": [
                    [
                        0.9573562989162697,
                        0.011317367696948758,
                        0.2886881260352669
                    ],
                    [
                        -0.010614179821253229,
                        0.9999356628792023,
                        -0.0040011609630535229
                    ],
                    [
                        -0.2887148352822629,
                        0.000766348968958242,
                        0.9574148299442586
                    ]
                ],
                "center": [
                    0.7872948803726765,
                    -0.1377583389012274,
                    0.145869810077813
                ]
            }
        },
        {
            "key": 5,
            "value": {
                "rotation": [
                    [
                        -0.9883261765572571,
                        -0.024110798526848198,
                        -0.15043283593056148
                    ],
                    [
                        -0.021153332335205407,
                        0.9995508268238841,
                        -0.021229251677943388
                    ],
                    [
                        0.15087711974593713,
                        -0.01779926936946693,
                        -0.9883922706836003
                    ]
                ],
                "center": [
                    1.6693523295304889,
                    -0.1105699602464973,
                    0.6355739212401758
                ]
            }
        },
        {
            "key": 13,
            "value": {
                "rotation": [
                    [
                        -0.9722156631406209,
                        -0.027603329420020415,
                        -0.23245378153295896
                    ],
                    [
                        -0.02303376516602965,
                        0.9994848308291783,
                        -0.022349912855419427
                    ],
                    [
                        0.23295096051812917,
                        -0.01637464953208095,
                        -0.9723506162112423
                    ]
                ],
                "center": [
                    1.6890809241183238,
                    -0.11441085929674921,
                    0.438693372755544
                ]
            }
        },
        {
            "key": 140,
            "value": {
                "rotation": [
                    [
                        -0.09759011586485395,
                        0.0004960772220128158,
                        0.9952265687736005
                    ],
                    [
                        -0.029894224606177284,
                        0.9995471840532383,
                        -0.003429604414147364
                    ],
                    [
                        -0.994777615661249,
                        -0.03008622207310041,
                        -0.09753109566024713
                    ]
                ],
                "center": [
                    0.8659150580600608,
                    -0.1288720090270528,
                    0.5042018251459908
                ]
            }
        },
        {
            "key": 131,
            "value": {
                "rotation": [
                    [
                        0.19921182994207846,
                        0.007602973698264818,
                        0.9799269572789965
                    ],
                    [
                        -0.025448798841792704,
                        0.9996727908091176,
                        -0.0025826252961941899
                    ],
                    [
                        -0.9796259518043806,
                        -0.024423474504133626,
                        0.19934013254863545
                    ]
                ],
                "center": [
                    0.8372365776771688,
                    -0.13829732203567003,
                    0.03818941767270995
                ]
            }
        },
        {
            "key": 4,
            "value": {
                "rotation": [
                    [
                        -0.991206774149173,
                        -0.019237835399971878,
                        -0.13091614327467006
                    ],
                    [
                        -0.016548927030211395,
                        0.9996297977917003,
                        -0.021596304801357867
                    ],
                    [
                        0.13128314398634384,
                        -0.019239881913567015,
                        -0.9911581927467547
                    ]
                ],
                "center": [
                    1.6688459204148368,
                    -0.110366617804815,
                    0.6482072156574783
                ]
            }
        },
        {
            "key": 130,
            "value": {
                "rotation": [
                    [
                        -0.8582052258802049,
                        -0.002118849051276317,
                        0.5133023482808201
                    ],
                    [
                        -0.01395921909957643,
                        0.9997179776683355,
                        -0.019212114117470745
                    ],
                    [
                        -0.5131168779859385,
                        -0.023653236679799309,
                        -0.8579927703195015
                    ]
                ],
                "center": [
                    0.970991303700594,
                    -0.13608712207489918,
                    0.03812900570777641
                ]
            }
        },
        {
            "key": 3,
            "value": {
                "rotation": [
                    [
                        -0.990473743717126,
                        -0.025284099940234025,
                        -0.13536054557068398
                    ],
                    [
                        -0.022614010947073775,
                        0.999518886438224,
                        -0.02122739178933653
                    ],
                    [
                        0.13583213727195263,
                        -0.01796412935559701,
                        -0.9905689882792762
                    ]
                ],
                "center": [
                    1.6682109733596902,
                    -0.11020195585683462,
                    0.661293487771303
                ]
            }
        },
        {
            "key": 71,
            "value": {
                "rotation": [
                    [
                        -0.9578402719156381,
                        -0.029617512482408485,
                        -0.2857705661031778
                    ],
                    [
                        -0.022152186577098996,
                        0.9993245340523925,
                        -0.029321600754760696
                    ],
                    [
                        0.28644597069330499,
                        -0.02175496714138097,
                        -0.9578493760911722
                    ]
                ],
                "center": [
                    1.0015148651473687,
                    -0.1307264284018296,
                    0.26077866580497485
                ]
            }
        },
        {
            "key": 127,
            "value": {
                "rotation": [
                    [
                        -0.982116391994989,
                        -0.029223575237066088,
                        -0.18599294401968226
                    ],
                    [
                        -0.024280234181622754,
                        0.9992902290959602,
                        -0.02880118506987653
                    ],
                    [
                        0.18670260523846655,
                        -0.02377016372907975,
                        -0.9821288696059505
                    ]
                ],
                "center": [
                    1.0253409144834758,
                    -0.13423913898734633,
                    0.07383137494311795
                ]
            }
        },
        {
            "key": 0,
            "value": {
                "rotation": [
                    [
                        -0.9800759716537555,
                        -0.02375756530089222,
                        -0.19719702806564014
                    ],
                    [
                        -0.02009615312563581,
                        0.9995868779539441,
                        -0.02054794519746445
                    ],
                    [
                        0.1976037307757574,
                        -0.016175645682965684,
                        -0.9801485163332346
                    ]
                ],
                "center": [
                    1.6660787310074115,
                    -0.10942268093758252,
                    0.7043364867986247
                ]
            }
        },
        {
            "key": 68,
            "value": {
                "rotation": [
                    [
                        -0.9471715024405482,
                        -0.03486095049427248,
                        -0.3188273186148742
                    ],
                    [
                        -0.02799815617727317,
                        0.9992675901126197,
                        -0.02608422130695695
                    ],
                    [
                        0.3195031270820172,
                        -0.01577965402514169,
                        -0.9474538270035428
                    ]
                ],
                "center": [
                    1.0126632220425825,
                    -0.13288164087235428,
                    0.15032048618009159
                ]
            }
        },
        {
            "key": 112,
            "value": {
                "rotation": [
                    [
                        -0.7914069205259895,
                        -0.03130440604823521,
                        -0.6104876086420896
                    ],
                    [
                        -0.01820547091804426,
                        0.9994518993007521,
                        -0.02764890255997251
                    ],
                    [
                        0.6110185324294364,
                        -0.010767318425951042,
                        -0.7915430612933776
                    ]
                ],
                "center": [
                    1.7889243368692245,
                    -0.11754784585609436,
                    0.18521321692519547
                ]
            }
        },
        {
            "key": 21,
            "value": {
                "rotation": [
                    [
                        -0.9507943957869844,
                        -0.03049464626832583,
                        -0.3083181692489639
                    ],
                    [
                        -0.023774942483419768,
                        0.9993913301607926,
                        -0.025528832902273207
                    ],
                    [
                        0.30890899800746038,
                        -0.01694242451397634,
                        -0.9509406843760629
                    ]
                ],
                "center": [
                    1.8022345885639444,
                    -0.11759900422517807,
                    0.16211529680380086
                ]
            }
        },
        {
            "key": 26,
            "value": {
                "rotation": [
                    [
                        -0.38000876962571009,
                        -0.0031265108194000288,
                        0.9249775996950684
                    ],
                    [
                        -0.024944668291610185,
                        0.999665233720882,
                        -0.006869062060859038
                    ],
