[
	{
		"fx" : 591.22406005859375,
		"fy" : 886.58001708984375,
		"height" : 1024,
		"id" : 0,
		"img_name" : "0_0000.jpg",
		"position" : 
		[
			1.6660785675048828,
			-0.10942269116640091,
			0.70433646440505981
		],
		"rotation" : 
		[
			[
				-0.98007595539093018,
				-0.020096153020858765,
				0.1976037323474884
			],
			[
				-0.023757563903927803,
				0.99958688020706177,
				-0.016175644472241402
			],
			[
				-0.19719703495502472,
				-0.02054794505238533,
				-0.98014849424362183
			]
		],
		"width" : 2048
	},
	{
		"fx" : 591.22406005859375,
		"fy" : 886.58001708984375,
		"height" : 1024,
		"id" : 1,
		"img_name" : "0_0001.jpg",
		"position" : 
		[
			1.6669690608978271,
			-0.10954414308071136,
			0.69741284847259521
		],
		"rotation" : 
		[
			[
				-0.97431236505508423,
				-0.02023666724562645,
				0.22428998351097107
			],
			[
				-0.024447737261652946,
				0.99957287311553955,
				-0.016013680025935173
			],
			[
				-0.22387011349201202,
				-0.021085707470774651,
				-0.97439086437225342
			]
		],
		"width" : 2048
	},
	{
		"fx" : 591.22406005859375,
		"fy" : 886.58001708984375,
		"height" : 1024,
		"id" : 2,
		"img_name" : "0_0002.jpg",
		"position" : 
		[
			1.6683818101882935,
			-0.10988428443670273,
			0.68211472034454346
		],
		"rotation" : 
		[
			[
				-0.97211223840713501,
				-0.020118435844779015,
				0.23365224897861481
			],
			[
				-0.024383559823036194,
				0.99958449602127075,
				-0.015379598364233971
			],
			[
				-0.23324573040008545,
				-0.020647963508963585,
				-0.97219866514205933
			]
		],
		"width" : 2048
	},
	{
		"fx" : 591.22406005859375,
		"fy" : 886.58001708984375,
		"height" : 1024,
		"id" : 3,
		"img_name" : "0_0003.jpg",
		"position" : 
		[
			1.6682108640670776,
			-0.11020195484161377,
			0.66129344701766968
		],
		"rotation" : 
		[
			[
				-0.99047374725341797,
				-0.022614011541008949,
				0.13583211600780487
			],
			[
				-0.025284100323915482,
				0.99951887130737305,
				-0.017964128404855728
			],
			[
				-0.13536053895950317,
				-0.021227393299341202,
				-0.99056899547576904
			]
		],
		"width" : 2048
	},
	{
		"fx" : 591.22406005859375,
		"fy" : 886.58001708984375,
		"height" : 1024,
		"id" : 4,
		"img_name" : "0_0004.jpg",
		"position" : 
		[
			1.6688458919525146,
			-0.11036662757396698,
			0.64820718765258789
		],
		"rotation" : 
		[
			[
				-0.99120676517486572,
				-0.016548927873373032,
				0.13128314912319183
			],
			[
				-0.019237836822867393,
				0.99962973594665527,
				-0.0192398801445961
			],
			[
				-0.13091614842414856,
				-0.021596305072307587,
				-0.99115818738937378
			]
		],
		"width" : 2048
	},
	{
		"fx" : 591.22406005859375,
		"fy" : 886.58001708984375,
		"height" : 1024,
		"id" : 5,
		"img_name" : "0_0005.jpg",
		"position" : 
		[
			1.6693520545959473,
			-0.11056995391845703,
			0.6355738639831543
		],
		"rotation" : 
		[
			[
				-0.98832607269287109,
				-0.021153328940272331,
				0.15087710320949554
			],
			[
				-0.024110795930027962,
				0.99955070018768311,
				-0.017799267545342445
			],
			[
				-0.15043282508850098,
				-0.021229250356554985,
				-0.988392174243927
			]
		],
		"width" : 2048
	},
	{
		"fx" : 591.22406005859375,
		"fy" : 886.58001708984375,
		"height" : 1024,
		"id" : 6,
		"img_name" : "0_0006.jpg",
		"position" : 
		[
			1.6718243360519409,
			-0.11114930361509323,
			0.60826718807220459
		],
		"rotation" : 
		[
			[
				-0.98369401693344116,
				-0.022060411050915718,
				0.17849245667457581
			],
			[
				-0.025642214342951775,
				0.99951297044754028,
				-0.017784643918275833
			],
			[
				-0.17801319062709808,
				-0.022071588784456253,
				-0.98378050327301025
			]
		],
		"width" : 2048
	},
	{
		"fx" : 591.22406005859375,
		"fy" : 886.58001708984375,
		"height" : 1024,
		"id" : 7,
		"img_name" : "0_0007.jpg",
		"position" : 
		[
			1.6734490394592285,
			-0.11156453192234039,
			0.58862251043319702
		],
		"rotation" : 
		[
			[
				-0.98368698358535767,
				-0.021512662991881371,
				0.17859829962253571
			],
			[
				-0.025197228416800499,
				0.99951344728469849,
				-0.018387561663985252
			],
			[
				-0.17811582982540131,
				-0.022587783634662628,
				-0.98375034332275391
			]
		],
		"width" : 2048
	},
	{
		"fx" : 591.22406005859375,
		"fy" : 886.58001708984375,
		"height" : 1024,
		"id" : 8,
		"img_name" : "0_0008.jpg",
		"position" : 
		[
			1.6741608381271362,
			-0.11173693090677261,
			0.57822322845458984
		],
		"rotation" : 
		[
			[
				-0.98171216249465942,
				-0.022254154086112976,
				0.18906658887863159
			],
			[
				-0.026051068678498268,
				0.99950540065765381,
				-0.017620792612433434
			],
			[
				-0.18858091533184052,
				-0.022223928943276405,
				-0.98180621862411499
			]
		],
		"width" : 2048
	},
	{
		"fx" : 591.22406005859375,
		"fy" : 886.58001708984375,
		"height" : 1024,
		"id" : 9,
		"img_name" : "0_0009.jpg",
		"position" : 
		[
			1.6776940822601318,
			-0.11266659200191498,
			0.53828901052474976
		],
		"rotation" : 
		[
			[
				-0.98080652952194214,
				-0.015903079882264137,
				0.19433464109897614
			],
			[
				-0.019997190684080124,
				0.99961721897125244,
				-0.019123626872897148
			],
			[
				-0.19395612180233002,
				-0.022642722353339195,
				-0.98074889183044434
			]
		],
		"width" : 2048
	},
	{
		"fx" : 591.22406005859375,
		"fy" : 886.58001708984375,
		"height" : 1024,
		"id" : 10,
		"img_name" : "0_0010.jpg",
		"position" : 
		[
			1.6804239749908447,
			-0.11314501613378525,
			0.51768660545349121
		],
		"rotation" : 
		[
			[
				-0.97835099697113037,
				-0.021474298089742661,
				0.20583519339561462
			],
			[
				-0.025721188634634018,
				0.99950748682022095,
				-0.017978612333536148
			],
			[
				-0.20534774661064148,
				-0.022883720695972443,
				-0.97842150926589966
			]
		],
		"width" : 2048
	},
	{
		"fx" : 591.22406005859375,
		"fy" : 886.58001708984375,
		"height" : 1024,
		"id" : 11,
		"img_name" : "0_0011.jpg",
		"position" : 
		[
			1.6820731163024902,
			-0.11350128054618835,
			0.49981629848480225
		],
		"rotation" : 
		[
			[
				-0.97450715303421021,
				-0.02193065918982029,
				0.22328215837478638
			],
			[
				-0.026479458436369896,
				0.99949789047241211,
				-0.017398485913872719
			],
			[
				-0.2227884978055954,
				-0.022867340594530106,
				-0.97459858655929565
			]
		],
		"width" : 2048
	},
	{
		"fx" : 591.22406005859375,
		"fy" : 886.58001708984375,
		"height" : 1024,
		"id" : 12,
		"img_name" : "0_0012.jpg",
		"position" : 
		[
			1.6869755983352661,
			-0.11398621648550034,
			0.46105241775512695
		],
		"rotation" : 
		[
			[
				-0.97381746768951416,
				-0.021814791485667229,
				0.22628219425678253
			],
			[
				-0.026303015649318695,
				0.9995121955871582,
				-0.016838211566209793
			],
			[
				-0.22580449283123016,
				-0.022349249571561813,
				-0.97391623258590698
			]
		],
		"width" : 2048
	},
	{
		"fx" : 591.22406005859375,
		"fy" : 886.58001708984375,
		"height" : 1024,
		"id" : 13,
		"img_name" : "0_0013.jpg",
		"position" : 
		[
			1.6890811920166016,
			-0.11441086977720261,
			0.43869346380233765
		],
		"rotation" : 
		[
			[
				-0.97221577167510986,
				-0.023033767938613892,
				0.23295100033283234
			],
			[
				-0.027603333815932274,
				0.99948495626449585,
				-0.016374649479985237
			],
			[
				-0.23245380818843842,
				-0.022349914535880089,
				-0.97235071659088135
			]
		],
		"width" : 2048
	},
	{
		"fx" : 591.22406005859375,
		"fy" : 886.58001708984375,
		"height" : 1024,
		"id" : 14,
		"img_name" : "0_0014.jpg",
		"position" : 
		[
			1.6915055513381958,
			-0.1149526834487915,
			0.41325196623802185
		],
		"rotation" : 
		[
			[
				-0.97141259908676147,
				-0.022489920258522034,
				0.23632979393005371
			],
			[
				-0.027205593883991241,
				0.99949014186859131,
				-0.016711397096514702
			],
			[
				-0.23583346605300903,
				-0.02266315370798111,
				-0.97152918577194214
			]
		],
		"width" : 2048
	},
	{
		"fx" : 591.22406005859375,
		"fy" : 886.58001708984375,
		"height" : 1024,
		"id" : 15,
		"img_name" : "0_0015.jpg",
		"position" : 
		[
			1.6976619958877563,
			-0.11550938338041306,
			0.36821737885475159
		],
		"rotation" : 
		[
			[
				-0.96729344129562378,
				-0.022330187261104584,
				0.2526753842830658
			],
			[
				-0.027318915352225304,
				0.99949461221694946,
				-0.016252093017101288
			],
			[
				-0.25218480825424194,
				-0.022623362019658089,
				-0.96741461753845215
			]
		],
		"width" : 2048
	},
	{
		"fx" : 591.22406005859375,
		"fy" : 886.58001708984375,
		"height" : 1024,
		"id" : 16,
		"img_name" : "0_0016.jpg",
		"position" : 
		[
			1.7019804716110229,
			-0.11577153205871582,
			0.34621673822402954
		],
		"rotation" : 
		[
			[
				-0.97061866521835327,
				-0.024594848975539207,
				0.23936271667480469
			],
			[
				-0.029217608273029327,
				0.99944847822189331,
				-0.015783041715621948
			],
			[
				-0.23884253203868866,
				-0.022312922403216362,
				-0.9708019495010376
			]
		],
		"width" : 2048
	},
	{
		"fx" : 591.22406005859375,
		"fy" : 886.58001708984375,
		"height" : 1024,
		"id" : 17,
		"img_name" : "0_0017.jpg",
		"position" : 
		[
			1.7050631046295166,
			-0.11634519696235657,
			0.31887820363044739
		],
		"rotation" : 
		[
			[
				-0.96979296207427979,
				-0.02266266942024231,
				0.24287448823451996
			],
			[
				-0.027587069198489189,
				0.99947667121887207,
				-0.016893235966563225
			],
			[
				-0.24236452579498291,
				-0.023083139210939407,
				-0.96991062164306641
			]
		],
		"width" : 2048
	},
	{
		"fx" : 591.22406005859375,
		"fy" : 886.58001708984375,
		"height" : 1024,
		"id" : 18,
		"img_name" : "0_0018.jpg",
		"position" : 
		[
			1.7235050201416016,
			-0.11698766052722931,
			0.28150498867034912
		],
		"rotation" : 
		[
			[
				-0.82013356685638428,
				-0.019692601636052132,
				0.57183313369750977
			],
			[
				-0.0311235710978508,
				0.99946331977844238,
				-0.010218806564807892
			],
			[
				-0.57132500410079956,
				-0.026178276166319847,
				-0.82030636072158813
			]
		],
		"width" : 2048
	},
	{
		"fx" : 591.22406005859375,
		"fy" : 886.58001708984375,
		"height" : 1024,
		"id" : 19,
		"img_name" : "0_0019.jpg",
		"position" : 
		[
			1.7532548904418945,
			-0.11744743585586548,
			0.23920628428459167
		],
		"rotation" : 
		[
			[
				-0.67186641693115234,
				-0.01089064683765173,
				0.740592360496521
			],
			[
				-0.025727169588208199,
				0.99963176250457764,
				-0.0086398199200630188
			],
			[
				-0.74022543430328369,
				-0.024858150631189346,
				-0.67189913988113403
			]
		],
		"width" : 2048
	},
	{
		"fx" : 591.22406005859375,
		"fy" : 886.58001708984375,
		"height" : 1024,
		"id" : 20,
		"img_name" : "0_0020.jpg",
		"position" : 
		[
			1.7755321264266968,
			-0.11748402565717697,
			0.21175622940063477
		],
		"rotation" : 
		[
			[
				-0.67527341842651367,
				-0.01593128964304924,
				0.73739546537399292
			],
			[
				-0.030438520014286041,
				0.99951690435409546,
				-0.0062798429280519485
			],
			[
				-0.7369391918182373,
				-0.026685837656259537,
				-0.67543208599090576
			]
		],
		"width" : 2048
	},
	{
		"fx" : 591.22406005859375,
		"fy" : 886.58001708984375,
		"height" : 1024,
		"id" : 21,
		"img_name" : "0_0021.jpg",
		"position" : 
		[
			1.8022345304489136,
			-0.1175990030169487,
			0.16211530566215515
		],
		"rotation" : 
		[
			[
				-0.95079433917999268,
				-0.023774942383170128,
				0.30890899896621704
			],
			[
				-0.030494645237922668,
				0.99939131736755371,
				-0.016942424699664116
			],
			[
				-0.30831816792488098,
				-0.025528833270072937,
				-0.95094066858291626
			]
		],
		"width" : 2048
	},
	{
		"fx" : 591.22406005859375,
		"fy" : 886.58001708984375,
		"height" : 1024,
		"id" : 22,
		"img_name" : "0_0022.jpg",
		"position" : 
		[
			1.8082168102264404,
			-0.11766345053911209,
			0.13752441108226776
		],
		"rotation" : 
		[
			[
				-0.94336354732513428,
				-0.023083509877324104,
				0.33095720410346985
			],
			[
				-0.029952943325042725,
				0.99942857027053833,
				-0.015670273452997208
			],
			[
				-0.33040633797645569,
				-0.024695903062820435,
				-0.94351571798324585
			]
		],
		"width" : 2048
	},
	{
		"fx" : 591.22406005859375,
		"fy" : 886.58001708984375,
		"height" : 1024,
		"id" : 23,
		"img_name" : "0_0023.jpg",
		"position" : 
		[
			1.7609751224517822,
			-0.11681859195232391,
			0.25184130668640137
		],
		"rotation" : 
		[
			[
				-0.24465036392211914,
				-0.024846268817782402,
				-0.96929293870925903
			],
			[
				0.0007259841077029705,
				0.99966663122177124,
				-0.025808088481426239
			],
			[
				0.96961104869842529,
				-0.0070176501758396626,
				-0.24455077946186066
			]
		],
		"width" : 2048
	},
	{
		"fx" : 591.22406005859375,
		"fy" : 886.58001708984375,
		"height" : 1024,
		"id" : 24,
		"img_name" : "0_0024.jpg",
		"position" : 
		[
			1.8089241981506348,
			-0.11547531187534332,
			0.27615821361541748
		],
		"rotation" : 
		[
			[
				-0.20559586584568024,
				-0.026268614456057549,
				-0.97828441858291626
			],
			[
				0.0054167266935110092,
				0.99959385395050049,
				-0.027979185804724693
			],
			[
				0.97862201929092407,
				-0.01105150394141674,
				-0.20537006855010986
			]
		],
		"width" : 2048
	},
	{
		"fx" : 591.22406005859375,
		"fy" : 886.58001708984375,
		"height" : 1024,
		"id" : 25,
		"img_name" : "0_0025.jpg",
		"position" : 
		[
			1.8346842527389526,
			-0.11506043374538422,
			0.27794364094734192
		],
		"rotation" : 
		[
			[
				-0.25587204098701477,
				-0.024173853918910027,
				-0.966408371925354
			],
			[
				-6.2824226915836334e-05,
				0.99968773126602173,
				-0.024989673867821693
			],
			[
				0.96671068668365479,
				-0.0063334451988339424,
				-0.25579363107681274
			]
		],
		"width" : 2048
	},
	{
		"fx" : 591.22406005859375,
		"fy" : 886.58001708984375,
		"height" : 1024,
		"id" : 26,
		"img_name" : "0_0026.jpg",
		"position" : 
		[
			1.8734400272369385,
			-0.11436805874109268,
			0.28522086143493652
		],
		"rotation" : 
		[
			[
				-0.3800087571144104,
				-0.024944666773080826,
				-0.92464649677276611
			],
			[
				-0.0031265104189515114,
				0.99966526031494141,
				-0.025683563202619553
			],
			[
				0.92497766017913818,
				-0.006869062315672636,
				-0.37995955348014832
			]
		],
		"width" : 2048
	},
	{
		"fx" : 591.22406005859375,
		"fy" : 886.58001708984375,
		"height" : 1024,
		"id" : 27,
		"img_name" : "0_0027.jpg",
		"position" : 
		[
			1.9360229969024658,
			-0.11300142109394073,
			0.29700607061386108
		],
		"rotation" : 
		[
			[
				-0.29736950993537903,
				-0.025161160156130791,
				-0.95443075895309448
			],
			[
				-0.0013694873778149486,
				0.99966281652450562,
				-0.025926901027560234
			],
			[
				0.95476138591766357,
				-0.0064027891494333744,
				-0.297303706407547
			]
		],
		"width" : 2048
	},
	{
		"fx" : 591.22406005859375,
		"fy" : 886.58001708984375,
		"height" : 1024,
		"id" : 28,
		"img_name" : "0_0028.jpg",
		"position" : 
		[
			1.9768716096878052,
			-0.11173129081726074,
			0.30877554416656494
		],
		"rotation" : 
		[
			[
				-0.19649107754230499,
				-0.023902291432023048,
				-0.98021417856216431
			],
			[
				-0.0013668590690940619,
				0.99970847368240356,
				-0.024103660136461258
			],
			[
				0.98050469160079956,
				-0.0033963397145271301,
				-0.19646649062633514
			]
		],
		"width" : 2048
	},
	{
		"fx" : 591.22406005859375,
		"fy" : 886.58001708984375,
		"height" : 1024,
		"id" : 29,
		"img_name" : "0_0029.jpg",
		"position" : 
		[
			1.7300381660461426,
			-0.11766887456178665,
			0.23619794845581055
		],
		"rotation" : 
		[
			[
				-0.45762214064598083,
				-0.025255186483263969,
				-0.88878798484802246
			],
			[
				-0.003625200130045414,
				0.99964123964309692,
				-0.026538558304309845
			],
			[
				0.88913941383361816,
				-0.0089225964620709419,
				-0.45754951238632202
			]
		],
		"width" : 2048
	},
	{
		"fx" : 591.22406005859375,
		"fy" : 886.58001708984375,
		"height" : 1024,
		"id" : 30,
		"img_name" : "0_0030.jpg",
		"position" : 
		[
			1.6808688640594482,
			-0.118790403008461,
			0.2196299135684967
		],
		"rotation" : 
		[
			[
				-0.43240055441856384,
				-0.025275228545069695,
				-0.90132737159729004
			],
			[
				-0.0040352139621973038,
				0.99965131282806396,
				-0.026096608489751816
			],
			[
				0.90167266130447388,
				-0.0076471371576189995,
				-0.4323517382144928
			]
		],
		"width" : 2048
	},
	{
		"fx" : 591.22406005859375,
		"fy" : 886.58001708984375,
		"height" : 1024,
		"id" : 31,
		"img_name" : "0_0031.jpg",
		"position" : 
		[
			1.6464297771453857,
			-0.11935292929410934,
			0.21521669626235962
		],
		"rotation" : 
		[
			[
				-0.3122115433216095,
				-0.024233352392911911,
				-0.94970351457595825
			],
			[
				-0.0014290977269411087,
				0.99968540668487549,
				-0.025038920342922211
			],
			[
				0.9500114917755127,
				-0.0064602196216583252,
				-0.31214794516563416
			]
		],
		"width" : 2048
	},
	{
		"fx" : 591.22406005859375,
		"fy" : 886.58001708984375,
		"height" : 1024,
		"id" : 32,
		"img_name" : "0_0032.jpg",
		"position" : 
		[
			1.615534782409668,
			-0.12003345787525177,
			0.20929071307182312
		],
		"rotation" : 
		[
			[
				-0.29730227589607239,
				-0.024859407916665077,
				-0.9544597864151001
			],
			[
				-0.0013012601993978024,
				0.99967062473297119,
				-0.025631623342633247
			],
			[
				0.95478254556655884,
				-0.0063783386722207069,
				-0.29723665118217468
			]
		],
		"width" : 2048
	},
	{
		"fx" : 591.22406005859375,
		"fy" : 886.58001708984375,
		"height" : 1024,
		"id" : 33,
		"img_name" : "0_0033.jpg",
		"position" : 
		[
			1.5665967464447021,
			-0.12111101299524307,
			0.20263819396495819
		],
		"rotation" : 
		[
			[
				-0.27124527096748352,
				-0.025370828807353973,
				-0.96217584609985352
			],
			[
				-0.0025093080475926399,
				0.99966782331466675,
				-0.025652026757597923
			],
			[
				0.96250700950622559,
				-0.0045435968786478043,
				-0.27121883630752563
			]
		],
		"width" : 2048
	},
	{
		"fx" : 591.22406005859375,
		"fy" : 886.58001708984375,
		"height" : 1024,
		"id" : 34,
		"img_name" : "0_0034.jpg",
		"position" : 
		[
			1.5390380620956421,
			-0.12178075313568115,
			0.19927941262722015
		],
		"rotation" : 
		[
			[
				-0.25869923830032349,
				-0.026336001232266426,
				-0.96559888124465942
			],
			[
				-0.00082098133862018585,
				0.99963390827178955,
				-0.027044329792261124
			],
			[
				0.96595752239227295,
				-0.0062036090530455112,
				-0.25862613320350647
			]
		],
		"width" : 2048
	},
	{
		"fx" : 591.22406005859375,
		"fy" : 886.58001708984375,
		"height" : 1024,
		"id" : 35,
		"img_name" : "0_0035.jpg",
		"position" : 
		[
			1.5144693851470947,
			-0.12252448499202728,
			0.19686675071716309
		],
		"rotation" : 
		[
			[
				-0.26136285066604614,
				-0.029228782281279564,
				-0.96479809284210205
			],
			[
				0.0054203043691813946,
				0.99948132038116455,
				-0.031747873872518539
			],
			[
				0.9652254581451416,
				-0.013527213595807552,
				-0.26106885075569153
			]
		],
		"width" : 2048
	},
	{
		"fx" : 591.22406005859375,
		"fy" : 886.58001708984375,
		"height" : 1024,
		"id" : 36,
		"img_name" : "0_0036.jpg",
		"position" : 
		[
			1.4582761526107788,
			-0.12393872439861298,
			0.18991899490356445
		],
		"rotation" : 
		[
			[
				-0.25665444135665894,
				-0.027340328320860863,
				-0.96611642837524414
			],
			[
				-2.2842083126306534e-05,
				0.99959993362426758,
				-0.028281817212700844
			],
			[
				0.96650320291519165,
				-0.0072365864180028439,
				-0.25655239820480347
			]
		],
		"width" : 2048
	},
	{
		"fx" : 591.22406005859375,
		"fy" : 886.58001708984375,
		"height" : 1024,
		"id" : 37,
		"img_name" : "0_0037.jpg",
		"position" : 
		[
			1.4351303577423096,
			-0.12431052327156067,
			0.1973910927772522
		],
		"rotation" : 
		[
			[
				0.21690060198307037,
				-0.02116037905216217,
				-0.9759642481803894
			],
			[
				0.0080412654206156731,
				0.99976968765258789,
				-0.019889406859874725
			],
			[
				0.97616046667098999,
				-0.0035339631140232086,
				0.21702083945274353
			]
		],
		"width" : 2048
	},
	{
		"fx" : 591.22406005859375,
		"fy" : 886.58001708984375,
		"height" : 1024,
		"id" : 38,
		"img_name" : "0_0038.jpg",
		"position" : 
		[
			1.4579068422317505,
			-0.12418750673532486,
			0.17805767059326172
		],
		"rotation" : 
		[
			[
				0.55973166227340698,
				-0.015681672841310501,
				-0.82852554321289062
			],
			[
				0.010629273951053619,
				0.99987459182739258,
				-0.011743952520191669
			],
			[
				0.8286057710647583,
				-0.0022331634536385536,
				0.55982816219329834
			]
		],
		"width" : 2048
	},
	{
		"fx" : 591.22406005859375,
		"fy" : 886.58001708984375,
		"height" : 1024,
		"id" : 39,
		"img_name" : "0_0039.jpg",
		"position" : 
		[
			1.4904521703720093,
			-0.12486836314201355,
			0.087407767772674561
		],
		"rotation" : 
		[
			[
				0.93176829814910889,
				-0.014575612731277943,
				-0.36276081204414368
			],
			[
				0.015133882872760296,
				0.99988466501235962,
				-0.0013029505498707294
			],
			[
				0.36273795366287231,
				-0.0042759319767355919,
				0.9318813681602478
			]
		],
		"width" : 2048
	},
	{
		"fx" : 591.22406005859375,
		"fy" : 886.58001708984375,
		"height" : 1024,
		"id" : 40,
		"img_name" : "0_0040.jpg",
		"position" : 
		[
			1.3786307573318481,
			-0.12542784214019775,
			0.20176291465759277
		],
		"rotation" : 
		[
			[
				0.40348136425018311,
				-0.020162634551525116,
				-0.91476565599441528
			],
			[
				0.011464454233646393,
				0.99979013204574585,
				-0.016979986801743507
			],
			[
				0.91491597890853882,
				-0.0036361813545227051,
				0.40362784266471863
			]
		],
		"width" : 2048
	},
	{
		"fx" : 591.22406005859375,
		"fy" : 886.58001708984375,
		"height" : 1024,
		"id" : 41,
		"img_name" : "0_0041.jpg",
		"position" : 
		[
			1.3580666780471802,
			-0.12502031028270721,
			0.24834010004997253
		],
		"rotation" : 
		[
			[
				0.94422215223312378,
				-0.0099393380805850029,
				-0.32915949821472168
			],
			[
				0.011528042145073414,
				0.99992948770523071,
				0.002875190693885088
			],
			[
				0.32910767197608948,
				-0.0065093832090497017,
				0.94427007436752319
			]
		],
		"width" : 2048
	},
	{
		"fx" : 591.22406005859375,
		"fy" : 886.58001708984375,
		"height" : 1024,
		"id" : 42,
		"img_name" : "0_0042.jpg",
		"position" : 
		[
			1.3516765832901001,
			-0.1236252635717392,
			0.29818779230117798
		],
		"rotation" : 
		[
			[
				0.97970283031463623,
				-0.0081512285396456718,
				-0.20029003918170929
			],
			[
				0.0092822453007102013,
				0.9999459981918335,
				0.0047084502875804901
			],
			[
				0.20024080574512482,
				-0.0064720227383077145,
				0.9797254204750061
			]
		],
		"width" : 2048
	},
	{
		"fx" : 591.22406005859375,
		"fy" : 886.58001708984375,
		"height" : 1024,
		"id" : 43,
		"img_name" : "0_0043.jpg",
		"position" : 
		[
			1.3503710031509399,
			-0.12290255725383759,
			0.32540667057037354
		],
		"rotation" : 
		[
			[
				0.98181933164596558,
				-0.007770247757434845,
				-0.18965896964073181
			],
			[
				0.0089445365592837334,
				0.99994581937789917,
				0.0053363782353699207
			],
			[
				0.18960721790790558,
				-0.0069357706233859062,
				0.98183554410934448
			]
		],
		"width" : 2048
	},
	{
		"fx" : 591.22406005859375,
		"fy" : 886.58001708984375,
		"height" : 1024,
		"id" : 44,
		"img_name" : "0_0044.jpg",
		"position" : 
		[
			1.3499307632446289,
			-0.12236201018095016,
			0.35054370760917664
		],
		"rotation" : 
		[
			[
				0.97711807489395142,
				-0.0086001446470618248,
				-0.21252405643463135
			],
			[
				0.0097611928358674049,
				0.99994277954101562,
				0.0044144936837255955
			],
			[
				0.21247388422489166,
				-0.0063879694789648056,
				0.9771459698677063
			]
		],
		"width" : 2048
	},
	{
		"fx" : 591.22406005859375,
		"fy" : 886.58001708984375,
		"height" : 1024,
		"id" : 45,
		"img_name" : "0_0045.jpg",
		"position" : 
		[
			1.3450906276702881,
			-0.12112423032522202,
			0.39677518606185913
		],
		"rotation" : 
		[
			[
				0.96581047773361206,
				-0.0091489925980567932,
				-0.25908774137496948
			],
			[
				0.010119980201125145,
				0.99994587898254395,
				0.0024141836911439896
			],
			[
				0.2590516209602356,
				-0.0049536069855093956,
				0.96585077047348022
			]
		],
		"width" : 2048
	},
	{
		"fx" : 591.22406005859375,
		"fy" : 886.58001708984375,
		"height" : 1024,
		"id" : 46,
		"img_name" : "0_0046.jpg",
		"position" : 
		[
			1.342860221862793,
			-0.12087084352970123,
			0.41505181789398193
		],
		"rotation" : 
		[
			[
				0.96810847520828247,
				-0.0097143054008483887,
				-0.25034299492835999
			],
			[
				0.010995145887136459,
				0.99993264675140381,
				0.0037182695232331753
			],
			[
				0.25029000639915466,
				-0.0063522458076477051,
				0.96815007925033569
			]
		],
		"width" : 2048
	},
	{
		"fx" : 591.22406005859375,
		"fy" : 886.58001708984375,
		"height" : 1024,
		"id" : 47,
		"img_name" : "0_0047.jpg",
		"position" : 
		[
			1.341062068939209,
			-0.12038221955299377,
			0.43797129392623901
		],
		"rotation" : 
		[
			[
				0.96710532903671265,
				-0.0092637147754430771,
				-0.25420740246772766
			],
			[
				0.010548412799835205,
				0.99993759393692017,
				0.0036910420749336481
			],
			[
				0.25415733456611633,
				-0.0062511106953024864,
				0.96714264154434204
			]
		],
		"width" : 2048
	},
	{
		"fx" : 591.22406005859375,
		"fy" : 886.58001708984375,
		"height" : 1024,
		"id" : 48,
		"img_name" : "0_0048.jpg",
		"position" : 
		[
			1.3342467546463013,
			-0.11868290603160858,
			0.49886384606361389
		],
		"rotation" : 
		[
			[
				0.97503149509429932,
				-0.0087801553308963776,
				-0.22189344465732574
			],
			[
				0.0099586807191371918,
				0.99994170665740967,
				0.0041929325088858604
			],
			[
				0.22184367477893829,
				-0.0062980065122246742,
				0.97506201267242432
			]
		],
		"width" : 2048
	},
	{
		"fx" : 591.22406005859375,
		"fy" : 886.58001708984375,
		"height" : 1024,
		"id" : 49,
		"img_name" : "0_0049.jpg",
		"position" : 
		[
			1.332372784614563,
			-0.11788743734359741,
			0.52714985609054565
		],
		"rotation" : 
		[
			[
				0.974689781665802,
				-0.0097464807331562042,
				-0.22334897518157959
			],
			[
				0.011020870879292488,
				0.99992930889129639,
				0.0044600111432373524
			],
			[
				0.22328969836235046,
				-0.0068086273968219757,
				0.97472834587097168
			]
		],
		"width" : 2048
	},
	{
		"fx" : 591.22406005859375,
		"fy" : 886.58001708984375,
		"height" : 1024,
		"id" : 50,
		"img_name" : "0_0050.jpg",
		"position" : 
		[
			1.3308709859848022,
			-0.11731114983558655,
			0.55281281471252441
		],
		"rotation" : 
		[
			[
				0.97549223899841309,
				-0.016253940761089325,
				-0.21943321824073792
			],
			[
				0.016805907711386681,
				0.99985861778259277,
				0.00064890115754678845
			],
			[
				0.21939162909984589,
				-0.004320771899074316,
				0.97562742233276367
			]
		],
		"width" : 2048
	},
	{
		"fx" : 591.22406005859375,
		"fy" : 886.58001708984375,
		"height" : 1024,
		"id" : 51,
		"img_name" : "0_0051.jpg",
		"position" : 
		[
			1.327070951461792,
			-0.11625708639621735,
			0.60536879301071167
		],
		"rotation" : 
		[
			[
				0.97729164361953735,
				-0.0091165071353316307,
				-0.21170301735401154
			],
			[
				0.010384653694927692,
				0.99993425607681274,
				0.0048791342414915562
			],
			[
				0.21164460480213165,
				-0.0069667990319430828,
				0.97732198238372803
			]
		],
		"width" : 2048
	},
	{
		"fx" : 591.22406005859375,
		"fy" : 886.58001708984375,
		"height" : 1024,
		"id" : 52,
		"img_name" : "0_0052.jpg",
		"position" : 
		[
			1.3258254528045654,
			-0.11581692099571228,
			0.63279896974563599
		],
		"rotation" : 
		[
			[
				0.97916024923324585,
				-0.0096736680716276169,
				-0.20285840332508087
			],
			[
				0.010861656628549099,
				0.99992972612380981,
				0.0047437748871743679
			],
			[
				0.2027982622385025,
				-0.0068482942879199982,
				0.97919654846191406
			]
		],
		"width" : 2048
	},
	{
		"fx" : 591.22406005859375,
		"fy" : 886.58001708984375,
		"height" : 1024,
		"id" : 53,
		"img_name" : "0_0053.jpg",
		"position" : 
		[
			1.3241580724716187,
			-0.11550497263669968,
			0.65325474739074707
		],
		"rotation" : 
		[
			[
				0.98089379072189331,
				-0.0092016234993934631,
				-0.19432611763477325
			],
			[
				0.010346640832722187,
				0.9999346137046814,
				0.0048780613578855991
			],
			[
				0.19426852464675903,
				-0.0067954827100038528,
				0.98092484474182129
			]
		],
		"width" : 2048
	},
	{
		"fx" : 591.22406005859375,
		"fy" : 886.58001708984375,
		"height" : 1024,
		"id" : 54,
		"img_name" : "0_0054.jpg",
		"position" : 
		[
			1.319401741027832,
			-0.11429594457149506,
			0.71621227264404297
		],
		"rotation" : 
		[
			[
				0.952808678150177,
				-0.0091294990852475166,
				-0.30343425273895264
			],
			[
				0.010787878185510635,
				0.99993467330932617,
				0.0037895562127232552
			],
			[
				0.30337983369827271,
				-0.0068841343745589256,
				0.95284479856491089
			]
		],
		"width" : 2048
	},
	{
		"fx" : 591.22406005859375,
		"fy" : 886.58001708984375,
		"height" : 1024,
		"id" : 55,
		"img_name" : "0_0055.jpg",
		"position" : 
		[
			1.3149462938308716,
			-0.11365663260221481,
			0.74207741022109985
		],
		"rotation" : 
		[
			[
				0.95593452453613281,
				-0.017139222472906113,
				-0.29307928681373596
			],
			[
				0.017943752929568291,
				0.99983900785446167,
				5.6603923439979553e-05
			],
			[
				0.29303112626075745,
				-0.0053130523301661015,
				0.95608818531036377
			]
		],
		"width" : 2048
	},
	{
		"fx" : 591.22406005859375,
		"fy" : 886.58001708984375,
		"height" : 1024,
		"id" : 56,
		"img_name" : "0_0056.jpg",
		"position" : 
		[
			1.3468437194824219,
			-0.12645506858825684,
			0.17231112718582153
		],
		"rotation" : 
		[
			[
				-0.66342657804489136,
				-0.030229292809963226,
				-0.74763047695159912
			],
			[
				-0.011793269775807858,
				0.9994819164276123,
				-0.029947496950626373
			],
			[
				0.74814844131469727,
				-0.011050960049033165,
				-0.66343933343887329
			]
		],
		"width" : 2048
	},
	{
		"fx" : 591.22406005859375,
		"fy" : 886.58001708984375,
		"height" : 1024,
		"id" : 57,
		"img_name" : "0_0057.jpg",
		"position" : 
		[
			1.2863113880157471,
			-0.12804333865642548,
			0.14639577269554138
		],
		"rotation" : 
		[
			[
				-0.48730847239494324,
				-0.028978338465094566,
				-0.8727489709854126
			],
			[
				-0.006917914841324091,
				0.99954593181610107,
				-0.029325753450393677
			],
			[
				0.87320250272750854,
				-0.0082530854269862175,
				-0.48728767037391663
			]
		],
		"width" : 2048
	},
	{
		"fx" : 591.22406005859375,
		"fy" : 886.58001708984375,
		"height" : 1024,
		"id" : 58,
		"img_name" : "0_0058.jpg",
		"position" : 
		[
			1.2579145431518555,
			-0.1287800520658493,
			0.13462898135185242
		],
		"rotation" : 
		[
			[
				-0.48737221956253052,
				-0.028937144204974174,
				-0.87271469831466675
			],
			[
				-0.0075362497009336948,
				0.99955290555953979,
				-0.028934139758348465
			],
			[
				0.87316179275512695,
				-0.007524699904024601,
				-0.48737239837646484
			]
		],
		"width" : 2048
	},
	{
		"fx" : 591.22406005859375,
		"fy" : 886.58001708984375,
		"height" : 1024,
		"id" : 59,
		"img_name" : "0_0059.jpg",
		"position" : 
		[
			1.231380820274353,
			-0.12946996092796326,
			0.12548151612281799
		],
		"rotation" : 
		[
			[
				-0.48634427785873413,
				-0.028858901932835579,
				-0.87329059839248657
			],
			[
				-0.0070145009085536003,
				0.99955117702484131,
				-0.029124883934855461
			],
			[
				0.87373912334442139,
				-0.0080390237271785736,
				-0.48632842302322388
			]
		],
		"width" : 2048
	},
	{
		"fx" : 591.22406005859375,
		"fy" : 886.58001708984375,
		"height" : 1024,
		"id" : 60,
		"img_name" : "0_0060.jpg",
		"position" : 
		[
			1.1787441968917847,
			-0.13109496235847473,
			0.10956667363643646
		],
		"rotation" : 
		[
			[
				-0.32284259796142578,
				-0.030254993587732315,
				-0.94596904516220093
			],
			[
				0.002739637391641736,
				0.99945497512817383,
				-0.032900627702474594
			],
			[
				0.94644880294799805,
				-0.01321333646774292,
				-0.32258376479148865
			]
		],
		"width" : 2048
	},
	{
		"fx" : 591.22406005859375,
		"fy" : 886.58001708984375,
		"height" : 1024,
		"id" : 61,
		"img_name" : "0_0061.jpg",
		"position" : 
		[
			1.1523685455322266,
			-0.13150413334369659,
			0.10469628870487213
		],
		"rotation" : 
		[
			[
				-0.32095256447792053,
				-0.027971973642706871,
				-0.94668221473693848
			],
			[
				-0.001883805962279439,
				0.9995807409286499,
				-0.028896322473883629
			],
			[
				0.94709348678588867,
				-0.0074909818358719349,
				-0.32087066769599915
			]
		],
		"width" : 2048
	},
	{
		"fx" : 591.22406005859375,
		"fy" : 886.58001708984375,
		"height" : 1024,
		"id" : 62,
		"img_name" : "0_0062.jpg",
		"position" : 
		[
			1.1231377124786377,
			-0.13226144015789032,
			0.10084602236747742
		],
		"rotation" : 
		[
			[
				-0.33697080612182617,
				-0.027766726911067963,
				-0.94110554456710815
			],
			[
				-0.0037424829788506031,
				0.99959659576416016,
				-0.02815244160592556
			],
			[
				0.94150769710540771,
				-0.0059644798748195171,
				-0.33693879842758179
			]
		],
		"width" : 2048
	},
	{
		"fx" : 591.22406005859375,
		"fy" : 886.58001708984375,
		"height" : 1024,
		"id" : 63,
		"img_name" : "0_0063.jpg",
		"position" : 
		[
			1.0724236965179443,
			-0.13342888653278351,
			0.078728042542934418
		],
		"rotation" : 
		[
			[
				-0.69882768392562866,
				-0.03215298056602478,
				-0.71456694602966309
			],
			[
				-0.013495562598109245,
				0.99940395355224609,
				-0.031771332025527954
			],
			[
				0.71516269445419312,
				-0.012559204362332821,
				-0.69884514808654785
			]
		],
		"width" : 2048
	},
	{
		"fx" : 591.22406005859375,
		"fy" : 886.58001708984375,
		"height" : 1024,
		"id" : 64,
		"img_name" : "0_0064.jpg",
		"position" : 
		[
			1.0462795495986938,
			-0.13421738147735596,
			0.061184883117675781
		],
		"rotation" : 
		[
			[
				-0.86584043502807617,
				-0.033187694847583771,
				-0.49921834468841553
			],
			[
				-0.020134788006544113,
				0.99930059909820557,
				-0.031511202454566956
			],
			[
				0.49991494417190552,
				-0.017232019454240799,
				-0.86590307950973511
			]
		],
		"width" : 2048
	},
	{
		"fx" : 591.22406005859375,
		"fy" : 886.58001708984375,
		"height" : 1024,
		"id" : 65,
		"img_name" : "0_0065.jpg",
		"position" : 
		[
			1.0234134197235107,
			-0.13556674122810364,
			0.034866899251937866
		],
		"rotation" : 
		[
			[
				-0.85923779010772705,
				-0.032354675233364105,
				-0.51055222749710083
			],
			[
				-0.019339032471179962,
				0.99933898448944092,
				-0.03078325092792511
			],
			[
				0.51121068000793457,
				-0.016576549038290977,
				-0.85929560661315918
			]
		],
		"width" : 2048
	},
	{
		"fx" : 591.22406005859375,
		"fy" : 886.58001708984375,
		"height" : 1024,
		"id" : 66,
		"img_name" : "0_0066.jpg",
		"position" : 
		[
			1.0231481790542603,
			-0.13391333818435669,
			0.091453611850738525
		],
		"rotation" : 
		[
			[
				-0.96594727039337158,
				-0.030798614025115967,
				0.25689947605133057
			],
			[
				-0.03611455112695694,
				0.99921959638595581,
				-0.015999149531126022
			],
			[
				-0.25620624423027039,
				-0.024732144549489021,
				-0.96630573272705078
			]
		],
		"width" : 2048
	},
	{
		"fx" : 591.22406005859375,
		"fy" : 886.58001708984375,
		"height" : 1024,
		"id" : 67,
		"img_name" : "0_0067.jpg",
		"position" : 
		[
			1.0195599794387817,
			-0.13343304395675659,
			0.11441031098365784
		],
		"rotation" : 
		[
			[
				-0.95084244012832642,
				-0.028033118695020676,
				0.30840414762496948
			],
			[
				-0.034679457545280457,
				0.99926906824111938,
				-0.016089512035250664
			],
			[
				-0.30772769451141357,
				-0.025993876159191132,
				-0.95111942291259766
			]
		],
		"width" : 2048
	},
	{
		"fx" : 591.22406005859375,
		"fy" : 886.58001708984375,
		"height" : 1024,
		"id" : 68,
		"img_name" : "0_0068.jpg",
		"position" : 
		[
			1.0126632452011108,
			-0.13288162648677826,
			0.15032050013542175
		],
		"rotation" : 
		[
			[
				-0.94717150926589966,
				-0.027998153120279312,
				0.31950312852859497
			],
			[
				-0.034860949963331223,
				0.99926751852035522,
				-0.015779653564095497
			],
			[
				-0.31882733106613159,
				-0.026084220036864281,
				-0.94745379686355591
			]
		],
		"width" : 2048
	},
	{
		"fx" : 591.22406005859375,
		"fy" : 886.58001708984375,
		"height" : 1024,
		"id" : 69,
		"img_name" : "0_0069.jpg",
		"position" : 
		[
			1.0076174736022949,
			-0.13191850483417511,
			0.20460531115531921
		],
		"rotation" : 
		[
			[
				-0.94586819410324097,
				-0.029256749898195267,
				0.32322967052459717
			],
			[
				-0.036117158830165863,
				0.99923127889633179,
				-0.01524554006755352
			],
			[
				-0.32253515720367432,
				-0.026094406843185425,
				-0.9461977481842041
			]
		],
		"width" : 2048
	},
	{
		"fx" : 591.22406005859375,
		"fy" : 886.58001708984375,
		"height" : 1024,
		"id" : 70,
		"img_name" : "0_0070.jpg",
		"position" : 
		[
			1.0041992664337158,
			-0.13133472204208374,
			0.23451147973537445
		],
		"rotation" : 
		[
			[
				-0.94381386041641235,
				-0.029532220214605331,
				0.32915523648262024
			],
			[
				-0.036649949848651886,
				0.99920892715454102,
				-0.01543914619833231
			],
			[
				-0.32843887805938721,
				-0.026635203510522842,
				-0.94414961338043213
			]
		],
		"width" : 2048
	},
	{
		"fx" : 591.22406005859375,
		"fy" : 886.58001708984375,
		"height" : 1024,
		"id" : 71,
		"img_name" : "0_0071.jpg",
		"position" : 
		[
			1.0015149116516113,
			-0.1307264119386673,
			0.26077866554260254
		],
		"rotation" : 
		[
			[
				-0.95784032344818115,
				-0.022152185440063477,
				0.2864459753036499
			],
			[
				-0.029617512598633766,
				0.99932456016540527,
				-0.021754967048764229
			],
			[
				-0.28577056527137756,
				-0.029321599751710892,
				-0.95784938335418701
			]
		],
		"width" : 2048
	},
	{
		"fx" : 591.22406005859375,
		"fy" : 886.58001708984375,
		"height" : 1024,
		"id" : 72,
		"img_name" : "0_0072.jpg",
		"position" : 
		[
			0.99432694911956787,
			-0.12981972098350525,
			0.30508214235305786
		],
		"rotation" : 
		[
			[
				-0.94614392518997192,
				-0.027733100578188896,
				0.32255628705024719
			],
			[
				-0.035244584083557129,
				0.99922603368759155,
				-0.017469234764575958
			],
			[
				-0.32182219624519348,
				-0.02789677307009697,
				-0.94638907909393311
			]
		],
		"width" : 2048
	},
	{
		"fx" : 591.22406005859375,
		"fy" : 886.58001708984375,
		"height" : 1024,
		"id" : 73,
		"img_name" : "0_0073.jpg",
		"position" : 
		[
			0.98876708745956421,
			-0.12934619188308716,
			0.33044260740280151
		],
		"rotation" : 
		[
			[
				-0.92772245407104492,
				-0.027622848749160767,
				0.37224724888801575
			],
			[
				-0.036040641367435455,
				0.99922740459442139,
				-0.015672918409109116
			],
			[
				-0.37152671813964844,
				-0.027956144884228706,
				-0.92800122499465942
			]
		],
		"width" : 2048
	},
	{
		"fx" : 591.22406005859375,
		"fy" : 886.58001708984375,
		"height" : 1024,
		"id" : 74,
		"img_name" : "0_0074.jpg",
		"position" : 
		[
			0.98206514120101929,
			-0.12892670929431915,
			0.35341501235961914
		],
		"rotation" : 
		[
			[
				-0.89822375774383545,
				-0.027527181431651115,
				0.43867567181587219
			],
			[
				-0.037283331155776978,
				0.99921166896820068,
				-0.013639449141919613
			],
			[
				-0.43795442581176758,
				-0.028606567531824112,
				-0.89854198694229126
			]
		],
		"width" : 2048
	},
	{
		"fx" : 591.22406005859375,
		"fy" : 886.58001708984375,
		"height" : 1024,
		"id" : 75,
		"img_name" : "0_0075.jpg",
		"position" : 
		[
			0.93565642833709717,
			-0.13674527406692505,
			0.022113917395472527
		],
		"rotation" : 
		[
			[
				-0.51119464635848999,
				-0.031231286004185677,
				-0.85889720916748047
			],
			[
				-0.010372013784945011,
				0.99949085712432861,
