{"sfm_data_version": "0.3", "root_path": "/media/yunxiangyang/Train/omniGS/data/office/images", "views": [{"key": 104, "value": {"polymorphic_id": 1073741824, "ptr_wrapper": {"id": 2147483657, "data": {"local_path": "", "filename": "0_0104.jpg", "width": 2048, "height": 1024, "id_view": 104, "id_intrinsic": 0, "id_pose": 104}}}}, {"key": 103, "value": {"polymorphic_id": 1073741824, "ptr_wrapper": {"id": 2147483658, "data": {"local_path": "", "filename": "0_0103.jpg", "width": 2048, "height": 1024, "id_view": 103, "id_intrinsic": 0, "id_pose": 103}}}}, {"key": 102, "value": {"polymorphic_id": 1073741824, "ptr_wrapper": {"id": 2147483659, "data": {"local_path": "", "filename": "0_0102.jpg", "width": 2048, "height": 1024, "id_view": 102, "id_intrinsic": 0, "id_pose": 102}}}}, {"key": 101, "value": {"polymorphic_id": 1073741824, "ptr_wrapper": {"id": 2147483660, "data": {"local_path": "", "filename": "0_0101.jpg", "width": 2048, "height": 1024, "id_view": 101, "id_intrinsic": 0, "id_pose": 101}}}}, {"key": 100, "value": {"polymorphic_id": 1073741824, "ptr_wrapper": {"id": 2147483661, "data": {"local_path": "", "filename": "0_0100.jpg", "width": 2048, "height": 1024, "id_view": 100, "id_intrinsic": 0, "id_pose": 100}}}}, {"key": 99, "value": {"polymorphic_id": 1073741824, "ptr_wrapper": {"id": 2147483662, "data": {"local_path": "", "filename": "0_0099.jpg", "width": 2048, "height": 1024, "id_view": 99, "id_intrinsic": 0, "id_pose": 99}}}}, {"key": 46, "value": {"polymorphic_id": 1073741824, "ptr_wrapper": {"id": 2147483663, "data": {"local_path": "", "filename": "0_0046.jpg", "width": 2048, "height": 1024, "id_view": 46, "id_intrinsic": 0, "id_pose": 46}}}}, {"key": 45, "value": {"polymorphic_id": 1073741824, "ptr_wrapper": {"id": 2147483664, "data": {"local_path": "", "filename": "0_0045.jpg", "width": 2048, "height": 1024, "id_view": 45, "id_intrinsic": 0, "id_pose": 45}}}}, {"key": 44, "value": {"polymorphic_id": 1073741824, "ptr_wrapper": {"id": 2147483665, "data": {"local_path": "", "filename": "0_0044.jpg", "width": 2048, "height": 1024, "id_view": 44, "id_intrinsic": 0, "id_pose": 44}}}}, {"key": 13, "value": {"polymorphic_id": 1073741824, "ptr_wrapper": {"id": 2147483667, "data": {"local_path": "", "filename": "0_0013.jpg", "width": 2048, "height": 1024, "id_view": 13, "id_intrinsic": 0, "id_pose": 13}}}}, {"key": 12, "value": {"polymorphic_id": 1073741824, "ptr_wrapper": {"id": 2147483669, "data": {"local_path": "", "filename": "0_0012.jpg", "width": 2048, "height": 1024, "id_view": 12, "id_intrinsic": 0, "id_pose": 12}}}}, {"key": 11, "value": {"polymorphic_id": 1073741824, "ptr_wrapper": {"id": 2147483671, "data": {"local_path": "", "filename": "0_0011.jpg", "width": 2048, "height": 1024, "id_view": 11, "id_intrinsic": 0, "id_pose": 11}}}}, {"key": 10, "value": {"polymorphic_id": 1073741824, "ptr_wrapper": {"id": 2147483673, "data": {"local_path": "", "filename": "0_0010.jpg", "width": 2048, "height": 1024, "id_view": 10, "id_intrinsic": 0, "id_pose": 10}}}}, {"key": 43, "value": {"polymorphic_id": 1073741824, "ptr_wrapper": {"id": 2147483674, "data": {"local_path": "", "filename": "0_0043.jpg", "width": 2048, "height": 1024, "id_view": 43, "id_intrinsic": 0, "id_pose": 43}}}}, {"key": 42, "value": {"polymorphic_id": 1073741824, "ptr_wrapper": {"id": 2147483675, "data": {"local_path": "", "filename": "0_0042.jpg", "width": 2048, "height": 1024, "id_view": 42, "id_intrinsic": 0, "id_pose": 42}}}}, {"key": 41, "value": {"polymorphic_id": 1073741824, "ptr_wrapper": {"id": 2147483676, "data": {"local_path": "", "filename": "0_0041.jpg", "width": 2048, "height": 1024, "id_view": 41, "id_intrinsic": 0, "id_pose": 41}}}}, {"key": 40, "value": {"polymorphic_id": 1073741824, "ptr_wrapper": {"id": 2147483677, "data": {"local_path": "", "filename": "0_0040.jpg", "width": 2048, "height": 1024, "id_view": 40, "id_intrinsic": 0, "id_pose": 40}}}}, {"key": 39, "value": {"polymorphic_id": 1073741824, "ptr_wrapper": {"id": 2147483678, "data": {"local_path": "", "filename": "0_0039.jpg", "width": 2048, "height": 1024, "id_view": 39, "id_intrinsic": 0, "id_pose": 39}}}}, {"key": 38, "value": {"polymorphic_id": 1073741824, "ptr_wrapper": {"id": 2147483679, "data": {"local_path": "", "filename": "0_0038.jpg", "width": 2048, "height": 1024, "id_view": 38, "id_intrinsic": 0, "id_pose": 38}}}}, {"key": 37, "value": {"polymorphic_id": 1073741824, "ptr_wrapper": {"id": 2147483680, "data": {"local_path": "", "filename": "0_0037.jpg", "width": 2048, "height": 1024, "id_view": 37, "id_intrinsic": 0, "id_pose": 37}}}}, {"key": 36, "value": {"polymorphic_id": 1073741824, "ptr_wrapper": {"id": 2147483681, "data": {"local_path": "", "filename": "0_0036.jpg", "width": 2048, "height": 1024, "id_view": 36, "id_intrinsic": 0, "id_pose": 36}}}}, {"key": 35, "value": {"polymorphic_id": 1073741824, "ptr_wrapper": {"id": 2147483682, "data": {"local_path": "", "filename": "0_0035.jpg", "width": 2048, "height": 1024, "id_view": 35, "id_intrinsic": 0, "id_pose": 35}}}}, {"key": 34, "value": {"polymorphic_id": 1073741824, "ptr_wrapper": {"id": 2147483683, "data": {"local_path": "", "filename": "0_0034.jpg", "width": 2048, "height": 1024, "id_view": 34, "id_intrinsic": 0, "id_pose": 34}}}}, {"key": 33, "value": {"polymorphic_id": 1073741824, "ptr_wrapper": {"id": 2147483684, "data": {"local_path": "", "filename": "0_0033.jpg", "width": 2048, "height": 1024, "id_view": 33, "id_intrinsic": 0, "id_pose": 33}}}}, {"key": 32, "value": {"polymorphic_id": 1073741824, "ptr_wrapper": {"id": 2147483685, "data": {"local_path": "", "filename": "0_0032.jpg", "width": 2048, "height": 1024, "id_view": 32, "id_intrinsic": 0, "id_pose": 32}}}}, {"key": 31, "value": {"polymorphic_id": 1073741824, "ptr_wrapper": {"id": 2147483686, "data": {"local_path": "", "filename": "0_0031.jpg", "width": 2048, "height": 1024, "id_view": 31, "id_intrinsic": 0, "id_pose": 31}}}}, {"key": 30, "value": {"polymorphic_id": 1073741824, "ptr_wrapper": {"id": 2147483687, "data": {"local_path": "", "filename": "0_0030.jpg", "width": 2048, "height": 1024, "id_view": 30, "id_intrinsic": 0, "id_pose": 30}}}}, {"key": 29, "value": {"polymorphic_id": 1073741824, "ptr_wrapper": {"id": 2147483688, "data": {"local_path": "", "filename": "0_0029.jpg", "width": 2048, "height": 1024, "id_view": 29, "id_intrinsic": 0, "id_pose": 29}}}}, {"key": 8, "value": {"polymorphic_id": 1073741824, "ptr_wrapper": {"id": 2147483690, "data": {"local_path": "", "filename": "0_0008.jpg", "width": 2048, "height": 1024, "id_view": 8, "id_intrinsic": 0, "id_pose": 8}}}}, {"key": 7, "value": {"polymorphic_id": 1073741824, "ptr_wrapper": {"id": 2147483692, "data": {"local_path": "", "filename": "0_0007.jpg", "width": 2048, "height": 1024, "id_view": 7, "id_intrinsic": 0, "id_pose": 7}}}}, {"key": 0, "value": {"polymorphic_id": 1073741824, "ptr_wrapper": {"id": 2147483697, "data": {"local_path": "", "filename": "0_0000.jpg", "width": 2048, "height": 1024, "id_view": 0, "id_intrinsic": 0, "id_pose": 0}}}}, {"key": 1, "value": {"polymorphic_id": 1073741824, "ptr_wrapper": {"id": 2147483700, "data": {"local_path": "", "filename": "0_0001.jpg", "width": 2048, "height": 1024, "id_view": 1, "id_intrinsic": 0, "id_pose": 1}}}}, {"key": 2, "value": {"polymorphic_id": 1073741824, "ptr_wrapper": {"id": 2147483703, "data": {"local_path": "", "filename": "0_0002.jpg", "width": 2048, "height": 1024, "id_view": 2, "id_intrinsic": 0, "id_pose": 2}}}}, {"key": 3, "value": {"polymorphic_id": 1073741824, "ptr_wrapper": {"id": 2147483706, "data": {"local_path": "", "filename": "0_0003.jpg", "width": 2048, "height": 1024, "id_view": 3, "id_intrinsic": 0, "id_pose": 3}}}}, {"key": 4, "value": {"polymorphic_id": 1073741824, "ptr_wrapper": {"id": 2147483709, "data": {"local_path": "", "filename": "0_0004.jpg", "width": 2048, "height": 1024, "id_view": 4, "id_intrinsic": 0, "id_pose": 4}}}}, {"key": 5, "value": {"polymorphic_id": 1073741824, "ptr_wrapper": {"id": 2147483712, "data": {"local_path": "", "filename": "0_0005.jpg", "width": 2048, "height": 1024, "id_view": 5, "id_intrinsic": 0, "id_pose": 5}}}}, {"key": 6, "value": {"polymorphic_id": 1073741824, "ptr_wrapper": {"id": 2147483715, "data": {"local_path": "", "filename": "0_0006.jpg", "width": 2048, "height": 1024, "id_view": 6, "id_intrinsic": 0, "id_pose": 6}}}}, {"key": 14, "value": {"polymorphic_id": 1073741824, "ptr_wrapper": {"id": 2147483721, "data": {"local_path": "", "filename": "0_0014.jpg", "width": 2048, "height": 1024, "id_view": 14, "id_intrinsic": 0, "id_pose": 14}}}}, {"key": 47, "value": {"polymorphic_id": 1073741824, "ptr_wrapper": {"id": 2147483722, "data": {"local_path": "", "filename": "0_0047.jpg", "width": 2048, "height": 1024, "id_view": 47, "id_intrinsic": 0, "id_pose": 47}}}}, {"key": 48, "value": {"polymorphic_id": 1073741824, "ptr_wrapper": {"id": 2147483723, "data": {"local_path": "", "filename": "0_0048.jpg", "width": 2048, "height": 1024, "id_view": 48, "id_intrinsic": 0, "id_pose": 48}}}}, {"key": 9, "value": {"polymorphic_id": 1073741824, "ptr_wrapper": {"id": 2147483725, "data": {"local_path": "", "filename": "0_0009.jpg", "width": 2048, "height": 1024, "id_view": 9, "id_intrinsic": 0, "id_pose": 9}}}}, {"key": 49, "value": {"polymorphic_id": 1073741824, "ptr_wrapper": {"id": 2147483726, "data": {"local_path": "", "filename": "0_0049.jpg", "width": 2048, "height": 1024, "id_view": 49, "id_intrinsic": 0, "id_pose": 49}}}}, {"key": 50, "value": {"polymorphic_id": 1073741824, "ptr_wrapper": {"id": 2147483727, "data": {"local_path": "", "filename": "0_0050.jpg", "width": 2048, "height": 1024, "id_view": 50, "id_intrinsic": 0, "id_pose": 50}}}}, {"key": 51, "value": {"polymorphic_id": 1073741824, "ptr_wrapper": {"id": 2147483728, "data": {"local_path": "", "filename": "0_0051.jpg", "width": 2048, "height": 1024, "id_view": 51, "id_intrinsic": 0, "id_pose": 51}}}}, {"key": 52, "value": {"polymorphic_id": 1073741824, "ptr_wrapper": {"id": 2147483729, "data": {"local_path": "", "filename": "0_0052.jpg", "width": 2048, "height": 1024, "id_view": 52, "id_intrinsic": 0, "id_pose": 52}}}}, {"key": 53, "value": {"polymorphic_id": 1073741824, "ptr_wrapper": {"id": 2147483730, "data": {"local_path": "", "filename": "0_0053.jpg", "width": 2048, "height": 1024, "id_view": 53, "id_intrinsic": 0, "id_pose": 53}}}}, {"key": 58, "value": {"polymorphic_id": 1073741824, "ptr_wrapper": {"id": 2147483731, "data": {"local_path": "", "filename": "0_0058.jpg", "width": 2048, "height": 1024, "id_view": 58, "id_intrinsic": 0, "id_pose": 58}}}}, {"key": 57, "value": {"polymorphic_id": 1073741824, "ptr_wrapper": {"id": 2147483732, "data": {"local_path": "", "filename": "0_0057.jpg", "width": 2048, "height": 1024, "id_view": 57, "id_intrinsic": 0, "id_pose": 57}}}}, {"key": 56, "value": {"polymorphic_id": 1073741824, "ptr_wrapper": {"id": 2147483733, "data": {"local_path": "", "filename": "0_0056.jpg", "width": 2048, "height": 1024, "id_view": 56, "id_intrinsic": 0, "id_pose": 56}}}}, {"key": 55, "value": {"polymorphic_id": 1073741824, "ptr_wrapper": {"id": 2147483734, "data": {"local_path": "", "filename": "0_0055.jpg", "width": 2048, "height": 1024, "id_view": 55, "id_intrinsic": 0, "id_pose": 55}}}}, {"key": 54, "value": {"polymorphic_id": 1073741824, "ptr_wrapper": {"id": 2147483735, "data": {"local_path": "", "filename": "0_0054.jpg", "width": 2048, "height": 1024, "id_view": 54, "id_intrinsic": 0, "id_pose": 54}}}}, {"key": 15, "value": {"polymorphic_id": 1073741824, "ptr_wrapper": {"id": 2147483736, "data": {"local_path": "", "filename": "0_0015.jpg", "width": 2048, "height": 1024, "id_view": 15, "id_intrinsic": 0, "id_pose": 15}}}}, {"key": 16, "value": {"polymorphic_id": 1073741824, "ptr_wrapper": {"id": 2147483737, "data": {"local_path": "", "filename": "0_0016.jpg", "width": 2048, "height": 1024, "id_view": 16, "id_intrinsic": 0, "id_pose": 16}}}}, {"key": 17, "value": {"polymorphic_id": 1073741824, "ptr_wrapper": {"id": 2147483738, "data": {"local_path": "", "filename": "0_0017.jpg", "width": 2048, "height": 1024, "id_view": 17, "id_intrinsic": 0, "id_pose": 17}}}}, {"key": 18, "value": {"polymorphic_id": 1073741824, "ptr_wrapper": {"id": 2147483739, "data": {"local_path": "", "filename": "0_0018.jpg", "width": 2048, "height": 1024, "id_view": 18, "id_intrinsic": 0, "id_pose": 18}}}}, {"key": 19, "value": {"polymorphic_id": 1073741824, "ptr_wrapper": {"id": 2147483740, "data": {"local_path": "", "filename": "0_0019.jpg", "width": 2048, "height": 1024, "id_view": 19, "id_intrinsic": 0, "id_pose": 19}}}}, {"key": 20, "value": {"polymorphic_id": 1073741824, "ptr_wrapper": {"id": 2147483741, "data": {"local_path": "", "filename": "0_0020.jpg", "width": 2048, "height": 1024, "id_view": 20, "id_intrinsic": 0, "id_pose": 20}}}}, {"key": 21, "value": {"polymorphic_id": 1073741824, "ptr_wrapper": {"id": 2147483742, "data": {"local_path": "", "filename": "0_0021.jpg", "width": 2048, "height": 1024, "id_view": 21, "id_intrinsic": 0, "id_pose": 21}}}}, {"key": 22, "value": {"polymorphic_id": 1073741824, "ptr_wrapper": {"id": 2147483743, "data": {"local_path": "", "filename": "0_0022.jpg", "width": 2048, "height": 1024, "id_view": 22, "id_intrinsic": 0, "id_pose": 22}}}}, {"key": 23, "value": {"polymorphic_id": 1073741824, "ptr_wrapper": {"id": 2147483744, "data": {"local_path": "", "filename": "0_0023.jpg", "width": 2048, "height": 1024, "id_view": 23, "id_intrinsic": 0, "id_pose": 23}}}}, {"key": 24, "value": {"polymorphic_id": 1073741824, "ptr_wrapper": {"id": 2147483745, "data": {"local_path": "", "filename": "0_0024.jpg", "width": 2048, "height": 1024, "id_view": 24, "id_intrinsic": 0, "id_pose": 24}}}}, {"key": 25, "value": {"polymorphic_id": 1073741824, "ptr_wrapper": {"id": 2147483746, "data": {"local_path": "", "filename": "0_0025.jpg", "width": 2048, "height": 1024, "id_view": 25, "id_intrinsic": 0, "id_pose": 25}}}}, {"key": 26, "value": {"polymorphic_id": 1073741824, "ptr_wrapper": {"id": 2147483747, "data": {"local_path": "", "filename": "0_0026.jpg", "width": 2048, "height": 1024, "id_view": 26, "id_intrinsic": 0, "id_pose": 26}}}}, {"key": 27, "value": {"polymorphic_id": 1073741824, "ptr_wrapper": {"id": 2147483748, "data": {"local_path": "", "filename": "0_0027.jpg", "width": 2048, "height": 1024, "id_view": 27, "id_intrinsic": 0, "id_pose": 27}}}}, {"key": 28, "value": {"polymorphic_id": 1073741824, "ptr_wrapper": {"id": 2147483749, "data": {"local_path": "", "filename": "0_0028.jpg", "width": 2048, "height": 1024, "id_view": 28, "id_intrinsic": 0, "id_pose": 28}}}}, {"key": 59, "value": {"polymorphic_id": 1073741824, "ptr_wrapper": {"id": 2147483750, "data": {"local_path": "", "filename": "0_0059.jpg", "width": 2048, "height": 1024, "id_view": 59, "id_intrinsic": 0, "id_pose": 59}}}}, {"key": 60, "value": {"polymorphic_id": 1073741824, "ptr_wrapper": {"id": 2147483751, "data": {"local_path": "", "filename": "0_0060.jpg", "width": 2048, "height": 1024, "id_view": 60, "id_intrinsic": 0, "id_pose": 60}}}}, {"key": 61, "value": {"polymorphic_id": 1073741824, "ptr_wrapper": {"id": 2147483752, "data": {"local_path": "", "filename": "0_0061.jpg", "width": 2048, "height": 1024, "id_view": 61, "id_intrinsic": 0, "id_pose": 61}}}}, {"key": 62, "value": {"polymorphic_id": 1073741824, "ptr_wrapper": {"id": 2147483753, "data": {"local_path": "", "filename": "0_0062.jpg", "width": 2048, "height": 1024, "id_view": 62, "id_intrinsic": 0, "id_pose": 62}}}}, {"key": 63, "value": {"polymorphic_id": 1073741824, "ptr_wrapper": {"id": 2147483754, "data": {"local_path": "", "filename": "0_0063.jpg", "width": 2048, "height": 1024, "id_view": 63, "id_intrinsic": 0, "id_pose": 63}}}}, {"key": 64, "value": {"polymorphic_id": 1073741824, "ptr_wrapper": {"id": 2147483755, "data": {"local_path": "", "filename": "0_0064.jpg", "width": 2048, "height": 1024, "id_view": 64, "id_intrinsic": 0, "id_pose": 64}}}}, {"key": 65, "value": {"polymorphic_id": 1073741824, "ptr_wrapper": {"id": 2147483756, "data": {"local_path": "", "filename": "0_0065.jpg", "width": 2048, "height": 1024, "id_view": 65, "id_intrinsic": 0, "id_pose": 65}}}}, {"key": 66, "value": {"polymorphic_id": 1073741824, "ptr_wrapper": {"id": 2147483757, "data": {"local_path": "", "filename": "0_0066.jpg", "width": 2048, "height": 1024, "id_view": 66, "id_intrinsic": 0, "id_pose": 66}}}}, {"key": 67, "value": {"polymorphic_id": 1073741824, "ptr_wrapper": {"id": 2147483758, "data": {"local_path": "", "filename": "0_0067.jpg", "width": 2048, "height": 1024, "id_view": 67, "id_intrinsic": 0, "id_pose": 67}}}}, {"key": 68, "value": {"polymorphic_id": 1073741824, "ptr_wrapper": {"id": 2147483759, "data": {"local_path": "", "filename": "0_0068.jpg", "width": 2048, "height": 1024, "id_view": 68, "id_intrinsic": 0, "id_pose": 68}}}}, {"key": 69, "value": {"polymorphic_id": 1073741824, "ptr_wrapper": {"id": 2147483760, "data": {"local_path": "", "filename": "0_0069.jpg", "width": 2048, "height": 1024, "id_view": 69, "id_intrinsic": 0, "id_pose": 69}}}}, {"key": 70, "value": {"polymorphic_id": 1073741824, "ptr_wrapper": {"id": 2147483761, "data": {"local_path": "", "filename": "0_0070.jpg", "width": 2048, "height": 1024, "id_view": 70, "id_intrinsic": 0, "id_pose": 70}}}}, {"key": 71, "value": {"polymorphic_id": 1073741824, "ptr_wrapper": {"id": 2147483762, "data": {"local_path": "", "filename": "0_0071.jpg", "width": 2048, "height": 1024, "id_view": 71, "id_intrinsic": 0, "id_pose": 71}}}}, {"key": 72, "value": {"polymorphic_id": 1073741824, "ptr_wrapper": {"id": 2147483763, "data": {"local_path": "", "filename": "0_0072.jpg", "width": 2048, "height": 1024, "id_view": 72, "id_intrinsic": 0, "id_pose": 72}}}}, {"key": 73, "value": {"polymorphic_id": 1073741824, "ptr_wrapper": {"id": 2147483764, "data": {"local_path": "", "filename": "0_0073.jpg", "width": 2048, "height": 1024, "id_view": 73, "id_intrinsic": 0, "id_pose": 73}}}}, {"key": 74, "value": {"polymorphic_id": 1073741824, "ptr_wrapper": {"id": 2147483765, "data": {"local_path": "", "filename": "0_0074.jpg", "width": 2048, "height": 1024, "id_view": 74, "id_intrinsic": 0, "id_pose": 74}}}}, {"key": 75, "value": {"polymorphic_id": 1073741824, "ptr_wrapper": {"id": 2147483766, "data": {"local_path": "", "filename": "0_0075.jpg", "width": 2048, "height": 1024, "id_view": 75, "id_intrinsic": 0, "id_pose": 75}}}}, {"key": 76, "value": {"polymorphic_id": 1073741824, "ptr_wrapper": {"id": 2147483767, "data": {"local_path": "", "filename": "0_0076.jpg", "width": 2048, "height": 1024, "id_view": 76, "id_intrinsic": 0, "id_pose": 76}}}}, {"key": 77, "value": {"polymorphic_id": 1073741824, "ptr_wrapper": {"id": 2147483768, "data": {"local_path": "", "filename": "0_0077.jpg", "width": 2048, "height": 1024, "id_view": 77, "id_intrinsic": 0, "id_pose": 77}}}}, {"key": 78, "value": {"polymorphic_id": 1073741824, "ptr_wrapper": {"id": 2147483769, "data": {"local_path": "", "filename": "0_0078.jpg", "width": 2048, "height": 1024, "id_view": 78, "id_intrinsic": 0, "id_pose": 78}}}}, {"key": 79, "value": {"polymorphic_id": 1073741824, "ptr_wrapper": {"id": 2147483770, "data": {"local_path": "", "filename": "0_0079.jpg", "width": 2048, "height": 1024, "id_view": 79, "id_intrinsic": 0, "id_pose": 79}}}}, {"key": 80, "value": {"polymorphic_id": 1073741824, "ptr_wrapper": {"id": 2147483771, "data": {"local_path": "", "filename": "0_0080.jpg", "width": 2048, "height": 1024, "id_view": 80, "id_intrinsic": 0, "id_pose": 80}}}}, {"key": 81, "value": {"polymorphic_id": 1073741824, "ptr_wrapper": {"id": 2147483772, "data": {"local_path": "", "filename": "0_0081.jpg", "width": 2048, "height": 1024, "id_view": 81, "id_intrinsic": 0, "id_pose": 81}}}}, {"key": 82, "value": {"polymorphic_id": 1073741824, "ptr_wrapper": {"id": 2147483773, "data": {"local_path": "", "filename": "0_0082.jpg", "width": 2048, "height": 1024, "id_view": 82, "id_intrinsic": 0, "id_pose": 82}}}}, {"key": 83, "value": {"polymorphic_id": 1073741824, "ptr_wrapper": {"id": 2147483774, "data": {"local_path": "", "filename": "0_0083.jpg", "width": 2048, "height": 1024, "id_view": 83, "id_intrinsic": 0, "id_pose": 83}}}}, {"key": 84, "value": {"polymorphic_id": 1073741824, "ptr_wrapper": {"id": 2147483775, "data": {"local_path": "", "filename": "0_0084.jpg", "width": 2048, "height": 1024, "id_view": 84, "id_intrinsic": 0, "id_pose": 84}}}}, {"key": 85, "value": {"polymorphic_id": 1073741824, "ptr_wrapper": {"id": 2147483776, "data": {"local_path": "", "filename": "0_0085.jpg", "width": 2048, "height": 1024, "id_view": 85, "id_intrinsic": 0, "id_pose": 85}}}}, {"key": 86, "value": {"polymorphic_id": 1073741824, "ptr_wrapper": {"id": 2147483777, "data": {"local_path": "", "filename": "0_0086.jpg", "width": 2048, "height": 1024, "id_view": 86, "id_intrinsic": 0, "id_pose": 86}}}}, {"key": 87, "value": {"polymorphic_id": 1073741824, "ptr_wrapper": {"id": 2147483778, "data": {"local_path": "", "filename": "0_0087.jpg", "width": 2048, "height": 1024, "id_view": 87, "id_intrinsic": 0, "id_pose": 87}}}}, {"key": 88, "value": {"polymorphic_id": 1073741824, "ptr_wrapper": {"id": 2147483779, "data": {"local_path": "", "filename": "0_0088.jpg", "width": 2048, "height": 1024, "id_view": 88, "id_intrinsic": 0, "id_pose": 88}}}}, {"key": 89, "value": {"polymorphic_id": 1073741824, "ptr_wrapper": {"id": 2147483780, "data": {"local_path": "", "filename": "0_0089.jpg", "width": 2048, "height": 1024, "id_view": 89, "id_intrinsic": 0, "id_pose": 89}}}}, {"key": 90, "value": {"polymorphic_id": 1073741824, "ptr_wrapper": {"id": 2147483781, "data": {"local_path": "", "filename": "0_0090.jpg", "width": 2048, "height": 1024, "id_view": 90, "id_intrinsic": 0, "id_pose": 90}}}}, {"key": 91, "value": {"polymorphic_id": 1073741824, "ptr_wrapper": {"id": 2147483782, "data": {"local_path": "", "filename": "0_0091.jpg", "width": 2048, "height": 1024, "id_view": 91, "id_intrinsic": 0, "id_pose": 91}}}}, {"key": 92, "value": {"polymorphic_id": 1073741824, "ptr_wrapper": {"id": 2147483783, "data": {"local_path": "", "filename": "0_0092.jpg", "width": 2048, "height": 1024, "id_view": 92, "id_intrinsic": 0, "id_pose": 92}}}}, {"key": 93, "value": {"polymorphic_id": 1073741824, "ptr_wrapper": {"id": 2147483784, "data": {"local_path": "", "filename": "0_0093.jpg", "width": 2048, "height": 1024, "id_view": 93, "id_intrinsic": 0, "id_pose": 93}}}}, {"key": 94, "value": {"polymorphic_id": 1073741824, "ptr_wrapper": {"id": 2147483785, "data": {"local_path": "", "filename": "0_0094.jpg", "width": 2048, "height": 1024, "id_view": 94, "id_intrinsic": 0, "id_pose": 94}}}}, {"key": 95, "value": {"polymorphic_id": 1073741824, "ptr_wrapper": {"id": 2147483786, "data": {"local_path": "", "filename": "0_0095.jpg", "width": 2048, "height": 1024, "id_view": 95, "id_intrinsic": 0, "id_pose": 95}}}}, {"key": 96, "value": {"polymorphic_id": 1073741824, "ptr_wrapper": {"id": 2147483787, "data": {"local_path": "", "filename": "0_0096.jpg", "width": 2048, "height": 1024, "id_view": 96, "id_intrinsic": 0, "id_pose": 96}}}}, {"key": 97, "value": {"polymorphic_id": 1073741824, "ptr_wrapper": {"id": 2147483788, "data": {"local_path": "", "filename": "0_0097.jpg", "width": 2048, "height": 1024, "id_view": 97, "id_intrinsic": 0, "id_pose": 97}}}}, {"key": 98, "value": {"polymorphic_id": 1073741824, "ptr_wrapper": {"id": 2147483789, "data": {"local_path": "", "filename": "0_0098.jpg", "width": 2048, "height": 1024, "id_view": 98, "id_intrinsic": 0, "id_pose": 98}}}}], "intrinsics": [{"key": 0, "value": {"polymorphic_id": 2147483649, "polymorphic_name": "spherical", "ptr_wrapper": {"id": 2148483648, "data": {"value0": {"width": 2048, "height": 1024}}}}}], "extrinsics": [{"key": 104, "value": {"rotation": [[-0.08324032318096725, 0.0014841837549635444, 0.9965283968835557], [-0.02903873206734849, 0.9995706228521499, -0.0039143289189012016], [-0.9961063199461434, -0.029263751118851836, -0.0831614828740146]], "center": [0.8937859930998356, -0.1283743656011395, 0.5020372265601774]}}, {"key": 103, "value": {"rotation": [[-0.06936556998148073, 0.0012150713720936698, 0.9975905679699989], [-0.02862592870043798, 0.9995850465370328, -0.003207950372954425], [-0.9971805121978576, -0.028779477777030903, -0.06930200395154272]], "center": [0.9277016456298629, -0.12785498992857725, 0.4979912992533665]}}, {"key": 102, "value": {"rotation": [[-0.5587485804044533, -0.005987921046189694, 0.8293154820076333], [-0.03517812557345595, 0.9992450660654307, -0.016486279902752213], [-0.8285906850653987, -0.038385449657888926, -0.5585374059787002]], "center": [0.9608194401099455, -0.12695696560114522, 0.5046543335178201]}}, {"key": 101, "value": {"rotation": [[-0.9938649963522596, -0.035192593847391124, -0.10485156347911817], [-0.032995829053079365, 0.9991996393287808, -0.022613182667049068], [0.10556346096459202, -0.01901478644439462, -0.9942307547072013]], "center": [0.9861230364957577, -0.12506728289791297, 0.5651125026740028]}}, {"key": 100, "value": {"rotation": [[-0.7704892998134073, -0.03819003062397231, -0.6363079132259676], [-0.0274214157677058, 0.9992654422155942, -0.02677016905004231], [0.6368628618708584, -0.0031776649624031266, -0.7709705556083493]], "center": [0.9873014158599795, -0.12466526225019564, 0.586483715569915]}}, {"key": 99, "value": {"rotation": [[-0.5627218714154529, -0.03440868999114136, -0.8259298623271736], [-0.021589923507522295, 0.9994042527498928, -0.026926098647369657], [0.826364308663939, 0.002679857929457147, -0.5631295123928848]], "center": [0.9916885933092173, -0.12409652255199059, 0.6085104515896171]}}, {"key": 46, "value": {"rotation": [[0.9681084755295418, 0.010995145346017669, 0.25029000456807377], [-0.009714305072844407, 0.9999326383565885, -0.006352245759078633], [-0.2503429884874313, 0.003718269496952722, 0.968150072347841]], "center": [1.3428601289178463, -0.12087083845293357, 0.41505176013536277]}}, {"key": 45, "value": {"rotation": [[0.9658104588773159, 0.010119980333617861, 0.25905162327465897], [-0.009148992620769975, 0.9999458773927942, -0.004953606684045965], [-0.25908773312762945, 0.002414183754877834, 0.9658507743226094]], "center": [1.3450904489133553, -0.12112422735912262, 0.3967751820116344]}}, {"key": 44, "value": {"rotation": [[0.9771179955790356, 0.009761192327332063, 0.2124738615452654], [-0.008600144411716183, 0.9999426140416563, -0.006387968349698705], [-0.21252402271673995, 0.004414492936675643, 0.97714587039009]], "center": [1.3499304712232716, -0.1223620051433155, 0.3505436797420961]}}, {"key": 13, "value": {"rotation": [[-0.9722156631406209, -0.027603329420020414, -0.23245378153295895], [-0.02303376516602965, 0.9994848308291783, -0.022349912855419426], [0.23295096051812916, -0.01637464953208095, -0.9723506162112423]], "center": [1.6890809241183238, -0.11441085929674921, 0.438693372755544]}}, {"key": 12, "value": {"rotation": [[-0.9738174776525176, -0.026303015095960062, -0.2258044986605673], [-0.02181478967515649, 0.9995121940422972, -0.022349248582047496], [0.2262822025036815, -0.016838211235614166, -0.9739162384273442]], "center": [1.6869756701047347, -0.11398620708679105, 0.46105245756656094]}}, {"key": 11, "value": {"rotation": [[-0.9745071179971734, -0.02647945869898544, -0.2227884988949202], [-0.021930659763282397, 0.9994979394281135, -0.02286734005743167], [0.2232821603603617, -0.017398486887192144, -0.9745985683956476]], "center": [1.6820730399078223, -0.11350128716178513, 0.4998162819007234]}}, {"key": 10, "value": {"rotation": [[-0.9783510253707095, -0.025721187820349132, -0.2053477334990373], [-0.021474296118354597, 0.999507473714174, -0.02288371901002996], [0.20583519077723939, -0.017978611921366718, -0.9784215061777202]], "center": [1.6804238699725838, -0.113145018789001, 0.5176866305889619]}}, {"key": 43, "value": {"rotation": [[0.9818192805486402, 0.008944536530058344, 0.18960721402207542], [-0.007770247877513639, 0.9999457576946067, -0.006935770792128897], [-0.18965896654488196, 0.005336378436861965, 0.9818355256733716]], "center": [1.3503709630433576, -0.12290254352757458, 0.3254067030498784]}}, {"key": 42, "value": {"rotation": [[0.97970274651291, 0.00928224506531209, 0.20024077607122923], [-0.008151227118120821, 0.999945833747577, -0.006472021889029982], [-0.20029000467204922, 0.004708449576108978, 0.9797253413743362]], "center": [1.351676542078321, -0.12362523439502779, 0.29818777220778936]}}, {"key": 41, "value": {"rotation": [[0.9442220453910387, 0.011528041772691571, 0.329107631711041], [-0.009939336599647403, 0.9999294162748953, -0.00650938216009513], [-0.3291594424978905, 0.0028751906083481302, 0.9442699797692625]], "center": [1.3580665776731873, -0.1250203160339907, 0.24834007226336333]}}, {"key": 40, "value": {"rotation": [[0.40348140111491637, 0.011464453566355247, 0.9149160208777465], [-0.020162633850109295, 0.9997901011664668, -0.0036361801072450246], [-0.9147656678901819, -0.01697998568817954, 0.40362786441902004]], "center": [1.378630819758584, -0.12542785869161438, 0.201762903957901]}}, {"key": 39, "value": {"rotation": [[0.9317682735334959, 0.015133882804089331, 0.3627379908800298], [-0.014575612994012298, 0.9998846272999157, -0.004275932080566718], [-0.3627608522735843, -0.0013029507208367362, 0.9318813585307745]], "center": [1.4904523140318309, -0.12486835990273289, 0.08740781167241979]}}, {"key": 38, "value": {"rotation": [[0.5597316699956046, 0.01062927413255603, 0.8286057422775602], [-0.015681672970597683, 0.9998745411882123, -0.002233162892655627], [-0.8285255232862623, -0.011743952276677697, 0.5598281315262286]], "center": [1.4579068253342633, -0.12418750992901548, 0.17805763616107564]}}, {"key": 37, "value": {"rotation": [[0.2169006280333758, 0.008041266309210303, 0.9761605685515429], [-0.021160379649780167, 0.9997698482320942, -0.0035339636461753916], [-0.9759643210137368, -0.019889409295393345, 0.2170208642183419]], "center": [1.4351305740704827, -0.12431052808067292, 0.19739109499375251]}}, {"key": 36, "value": {"rotation": [[-0.25665446587032215, -2.2841779083396538e-05, 0.966503225357822], [-0.027340328912893085, 0.9995999891059405, -0.007236587202432942], [-0.966116448242009, -0.028281818499819318, -0.2565524257897181]], "center": [1.4582762832988352, -0.12393871440630107, 0.18991905693348363]}}, {"key": 35, "value": {"rotation": [[-0.26136283799679594, 0.00542030490151551, 0.965225407461405], [-0.029228777417222667, 0.9994812119767829, -0.013527212429615288], [-0.9647979816961451, -0.03174786922292725, -0.2610688172012292]], "center": [1.5144692348161068, -0.12252447274074646, 0.19686674548009842]}}, {"key": 34, "value": {"rotation": [[-0.2586992445529449, -0.000820981678612538, 0.9659575699050238], [-0.026336003280520173, 0.9996338980682152, -0.0062036089620060705], [-0.9655988379233604, -0.02704433068183485, -0.25862615563594404]], "center": [1.539038008958494, -0.12178074753351774, 0.1992794175580029]}}, {"key": 33, "value": {"rotation": [[-0.2712452589486397, -0.002509306884925648, 0.9625069936768473], [-0.02537082739938337, 0.9996677832400228, -0.004543596488435195], [-0.9621758314440018, -0.025652027813338408, -0.27121880991942215]], "center": [1.5665967388120914, -0.12111100603935492, 0.20263818100065462]}}, {"key": 32, "value": {"rotation": [[-0.2973022493708691, -0.0013012600531724721, 0.9547825298157144], [-0.0248594079930899, 0.9996706090648053, -0.006378338830353969], [-0.9544597332277851, -0.025631622934877158, -0.29723666925948017]], "center": [1.6155349194364397, -0.12003345288178516, 0.2092907523739569]}}, {"key": 31, "value": {"rotation": [[-0.3122115183421251, -0.0014290974739856687, 0.9500115396640795], [-0.024233353009152917, 0.9996854556077358, -0.006460220451942332], [-0.9497034865769625, -0.02503892023957428, -0.3121479457834019]], "center": [1.646429688543744, -0.11935293310051628, 0.21521662369372582]}}, {"key": 30, "value": {"rotation": [[-0.4324004643798952, -0.004035213442780834, 0.9016726431785108], [-0.025275226157222185, 0.9996512813252612, -0.00764713589943958], [-0.9013273552637533, -0.026096605090211004, -0.4323516691953592]], "center": [1.6808687515402525, -0.11879038822896684, 0.21962978421629595]}}, {"key": 29, "value": {"rotation": [[-0.4576221692070226, -0.0036252018066625516, 0.8891393637457067], [-0.02525518704338403, 0.9996412170313467, -0.00892259712707429], [-0.8887880094700101, -0.026538559191285376, -0.45754953731633013]], "center": [1.730038135018547, -0.11766886657972175, 0.2361980803841423]}}, {"key": 8, "value": {"rotation": [[-0.9817120690740796, -0.02605106489453454, -0.1885808989589092], [-0.022254151403449846, 0.9995053025034095, -0.022223928835402907], [0.18906656547259196, -0.017620791282728244, -0.9818061629135196]], "center": [1.6741605703591549, -0.11173691074546725, 0.5782232366921028]}}, {"key": 7, "value": {"rotation": [[-0.9836868691178324, -0.025197225299017443, -0.17811581446459787], [-0.021512661525707622, 0.999513380351937, -0.022587781908017756], [0.17859828923939008, -0.018387559236461775, -0.9837502471390229]], "center": [1.6734488918867823, -0.1115645165107649, 0.5886224247670236]}}, {"key": 0, "value": {"rotation": [[-0.9800759716537555, -0.02375756530089222, -0.19719702806564013], [-0.02009615312563581, 0.9995868779539441, -0.02054794519746445], [0.1976037307757574, -0.016175645682965683, -0.9801485163332346]], "center": [1.6660787310074114, -0.10942268093758252, 0.7043364867986247]}}, {"key": 1, "value": {"rotation": [[-0.9743123107515606, -0.02444773658601386, -0.22387011701827292], [-0.020236666761250965, 0.9995728438763344, -0.021085708510048075], [0.22428998737426603, -0.016013680426357736, -0.9743908679800186]], "center": [1.6669690313240728, -0.10954415197100359, 0.6974128242667167]}}, {"key": 2, "value": {"rotation": [[-0.9721120752744729, -0.024383556431135423, -0.23324569724075803], [-0.020118434524321636, 0.9995843687158209, -0.020647963853241087], [0.23365222382388812, -0.015379596703548555, -0.9721985940677902]], "center": [1.6683815517915586, -0.10988427961133557, 0.6821146721397171]}}, {"key": 3, "value": {"rotation": [[-0.990473743717126, -0.025284099940234023, -0.13536054557068397], [-0.022614010947073774, 0.999518886438224, -0.02122739178933653], [0.13583213727195262, -0.01796412935559701, -0.9905689882792762]], "center": [1.6682109733596902, -0.11020195585683462, 0.661293487771303]}}, {"key": 4, "value": {"rotation": [[-0.991206774149173, -0.019237835399971877, -0.13091614327467005], [-0.016548927030211394, 0.9996297977917002, -0.021596304801357866], [0.13128314398634383, -0.019239881913567014, -0.9911581927467547]], "center": [1.6688459204148367, -0.110366617804815, 0.6482072156574783]}}, {"key": 5, "value": {"rotation": [[-0.9883261765572571, -0.024110798526848196, -0.15043283593056148], [-0.021153332335205405, 0.9995508268238841, -0.021229251677943387], [0.15087711974593712, -0.01779926936946693, -0.9883922706836002]], "center": [1.6693523295304888, -0.1105699602464973, 0.6355739212401758]}}, {"key": 6, "value": {"rotation": [[-0.9836939473756147, -0.025642213913828003, -0.1780131870457328], [-0.022060410044975345, 0.9995129730701652, -0.022071587461863346], [0.1784924541968907, -0.017784643095564715, -0.9837805396859273]], "center": [1.6718242374374286, -0.1111492986484213, 0.6082671122668801]}}, {"key": 14, "value": {"rotation": [[-0.97141259675076, -0.027205594788999383, -0.2358334634569958], [-0.022489922813755277, 0.9994901624505477, -0.02266315371720434], [0.23632979127857903, -0.016711396612942696, -0.9715291858598322]], "center": [1.6915056231266152, -0.11495265868851846, 0.4132520107702082]}}, {"key": 47, "value": {"rotation": [[0.9671053651500044, 0.010548412786090937, 0.25415732074006986], [-0.009263715079898592, 0.999937551650226, -0.006251110514946102], [-0.2542073883288898, 0.0036910415123435746, 0.9671426885064888]], "center": [1.3410619686210674, -0.12038220566844558, 0.4379713081391988]}}, {"key": 48, "value": {"rotation": [[0.9750313960896763, 0.009958679759852901, 0.22184364164171463], [-0.008780153978544144, 0.9999416203042463, -0.00629800598852714], [-0.22189341030217608, 0.004192932238799532, 0.9750619127951368]], "center": [1.3342467438038577, -0.11868288125674514, 0.4988637916033694]}}, {"key": 9, "value": {"rotation": [[-0.9808063746903363, -0.01999718806059576, -0.19395609770375571], [-0.01590307548478088, 0.9996171263864795, -0.022642721235791387], [0.1943346277865194, -0.01912362686588408, -0.980748866600706]], "center": [1.6776939647263827, -0.1126665735895872, 0.5382890285107443]}}, {"key": 49, "value": {"rotation": [[0.9746898205695634, 0.01102087104757232, 0.2232897088524795], [-0.009746480846944692, 0.9999293218538531, -0.006808627467685741], [-0.22334896415513644, 0.0044600110141530674, 0.9747283460085591]], "center": [1.332372786526299, -0.11788744228563011, 0.527149866726199]}}, {"key": 50, "value": {"rotation": [[0.9754921261795021, 0.01680590708749562, 0.2193915979447728], [-0.01625393862153603, 0.9998585602047447, -0.004320771294821431], [-0.21943318172300588, 0.000648900810045675, 0.9756273149551816]], "center": [1.3308708406508374, -0.1173111368782903, 0.5528127338935522]}}, {"key": 51, "value": {"rotation": [[0.9772915301479103, 0.010384652764575397, 0.21164457018339844], [-0.009116506138415798, 0.9999341743546734, -0.0069667979349188275], [-0.2117029863204213, 0.004879133590808796, 0.9773218710529396]], "center": [1.3270708685438446, -0.11625706377077205, 0.6053687986705989]}}, {"key": 52, "value": {"rotation": [[0.9791602920604732, 0.010861657141192683, 0.20279829105837163], [-0.009673668044030498, 0.9999297580325268, -0.006848295232114901], [-0.2028584299422204, 0.004743775411998605, 0.9791965859806793]], "center": [1.3258256206966035, -0.11581691984553963, 0.6327989986565236]}}, {"key": 53, "value": {"rotation": [[0.9808938219756033, 0.01034664053687892, 0.19426851788103547], [-0.009201623118676876, 0.9999345736340987, -0.006795482556467003], [-0.19432611801318786, 0.004878061171616236, 0.980924851544261]], "center": [1.324157895350499, -0.11550497362354305, 0.6532547706540941]}}, {"key": 58, "value": {"rotation": [[-0.4873722464274472, -0.007536250296664973, 0.8731617824571399], [-0.028937144295065793, 0.9995529103435113, -0.0075246995862365195], [-0.872714692836273, -0.028934138232934878, -0.4873724248994881]], "center": [1.257914500512679, -0.12878005112269147, 0.13462903864033884]}}, {"key": 57, "value": {"rotation": [[-0.4873084754931778, -0.006917915058488881, 0.873202492073722], [-0.02897833751899574, 0.9995459681895624, -0.008253086127369549], [-0.8727489362165675, -0.029325755356582866, -0.4872876916213006]], "center": [1.2863115736659527, -0.12804332500241347, 0.1463958907525704]}}, {"key": 56, "value": {"rotation": [[-0.6634265768714971, -0.01179326694131627, 0.7481484451333295], [-0.030229290548425266, 0.9994818989329355, -0.01105095915983954], [-0.7476305017142536, -0.029947496727847075, -0.6634393569469851]], "center": [1.3468436949368927, -0.12645506792376543, 0.1723112049377825]}}, {"key": 55, "value": {"rotation": [[0.9559345063799161, 0.017943752232444175, 0.2930311267903239], [-0.017139221881126262, 0.9998389963147971, -0.005313051997551492], [-0.2930792837876736, 5.660423851440853e-05, 0.9560881393524681]], "center": [1.314946169830766, -0.11365662599419281, 0.7420773924273919]}}, {"key": 54, "value": {"rotation": [[0.9528086362602384, 0.010787878482193996, 0.30337983510074995], [-0.009129499332697527, 0.9999346283334585, -0.006884134045953659], [-0.30343426785687716, 0.003789556370051599, 0.9528448375011952]], "center": [1.3194018137993329, -0.11429594432224383, 0.7162122992446693]}}, {"key": 15, "value": {"rotation": [[-0.9672933991273797, -0.027318915947563558, -0.25218476725617184], [-0.02233018772863737, 0.9994946454358871, -0.022623360957092283], [0.2526753702294773, -0.016252094524738407, -0.967414609514946]], "center": [1.697662092707337, -0.11550936714400477, 0.36821736857254217]}}, {"key": 16, "value": {"rotation": [[-0.9706186604437526, -0.029217608433631876, -0.23884251580444035], [-0.02