{
    "sfm_data_version": "0.3",
    "root_path": "/home/chung/extlink/dataset/OmniScenes_ver1_1_release/turtlebot_pano/turtlebot_room_2_scene_1/images",
    "views": [],
    "intrinsics": [],
    "extrinsics": [
        {
            "key": 45,
            "value": {
                "rotation": [
                    [
                        0.879418157227345,
                        0.05931216680738457,
                        0.47234073676475726
                    ],
                    [
                        -0.031534034478695228,
                        0.9972867325923862,
                        -0.06651900228279807
                    ],
                    [
                        -0.47500453619766327,
                        0.043603209329307678,
                        0.8789024125167864
                    ]
                ],
                "center": [
                    -0.3924154884877831,
                    0.03017831364679945,
                    1.9975988439164663
                ]
            }
        },
        {
            "key": 1,
            "value": {
                "rotation": [
                    [
                        -0.5232400846702112,
                        -0.05565345478837449,
                        -0.8503661016082593
                    ],
                    [
                        -0.015294856456367055,
                        0.9983178009540379,
                        -0.05592526856683778
                    ],
                    [
                        0.8520480509691277,
                        -0.01625611480065773,
                        -0.523211102301259
                    ]
                ],
                "center": [
                    -0.05292378577897782,
                    0.05466588305378576,
                    2.407089597162143
                ]
            }
        },
        {
            "key": 2,
            "value": {
                "rotation": [
                    [
                        -0.8424125344828886,
                        -0.04338008862127988,
                        -0.5370840620027055
                    ],
                    [
                        -0.017328898337962564,
                        0.9984195270793685,
                        -0.053461736120360519
                    ],
                    [
                        0.5385543900373562,
                        -0.03572976151362343,
                        -0.8418328534297477
                    ]
                ],
                "center": [
                    -0.0463348972476786,
                    0.04678108512775434,
                    2.2485456332625279
                ]
            }
        },
        {
            "key": 44,
            "value": {
                "rotation": [
                    [
                        0.9108387385976738,
                        0.05471105003382043,
                        0.4091203897069849
                    ],
                    [
                        -0.029608577605678214,
                        0.9972834533122191,
                        -0.06744661505089406
                    ],
                    [
                        -0.41169907019808407,
                        0.04931951696693465,
                        0.9099843190100483
                    ]
                ],
                "center": [
                    -0.27360188270068117,
                    0.02210674423798933,
                    1.8584247520565312
                ]
            }
        },
        {
            "key": 15,
            "value": {
                "rotation": [
                    [
                        -0.3861582969649499,
                        -0.01872244518293584,
                        -0.9222425059231989
                    ],
                    [
                        0.002193568293655434,
                        0.999772532992013,
                        -0.021214865846284789
                    ],
                    [
                        0.9224299203426083,
                        -0.01021529838559568,
                        -0.38602938973039688
                    ]
                ],
                "center": [
                    0.6088277232741081,
                    -0.06511121748023534,
                    -0.009144940896326597
                ]
            }
        },
        {
            "key": 43,
            "value": {
                "rotation": [
                    [
                        0.9357240951357377,
                        0.05306129610106508,
                        0.34871896512590169
                    ],
                    [
                        -0.032576561148378067,
                        0.9973954648130196,
                        -0.06435102512133534
                    ],
                    [
                        -0.3512252631092341,
                        0.04885474006169557,
                        0.9350155233616998
                    ]
                ],
                "center": [
                    -0.1760647358841881,
                    0.017758725003478704,
                    1.709149714882073
                ]
            }
        },
        {
            "key": 14,
            "value": {
                "rotation": [
                    [
                        -0.5982426483901906,
                        -0.012925315109730607,
                        -0.8012107524717856
                    ],
                    [
                        0.00988930167987121,
                        0.9996746630221678,
                        -0.023511057479391908
                    ],
                    [
                        0.8012539768134541,
                        -0.021988732133275517,
                        -0.5979201955945256
                    ]
                ],
                "center": [
                    0.4402012709256853,
                    -0.06551981948500115,
                    0.004689050104249414
                ]
            }
        },
        {
            "key": 4,
            "value": {
                "rotation": [
                    [
                        -0.9918844451894971,
                        -0.009621027925708128,
                        -0.12677808648491366
                    ],
                    [
                        -0.003232213847783004,
                        0.9987186615333974,
                        -0.05050334541970325
                    ],
                    [
                        0.12710153494260288,
                        -0.04968370886510391,
                        -0.9906446027151422
                    ]
                ],
                "center": [
                    -0.039226292899986348,
                    0.02508528518871456,
                    1.8425360684835999
                ]
            }
        },
        {
            "key": 33,
            "value": {
                "rotation": [
                    [
                        0.9999675681916148,
                        0.005347367791818757,
                        -0.006022310407747636
                    ],
                    [
                        -0.005648428990722921,
                        0.9986757030094926,
                        -0.05113643973168623
                    ],
                    [
                        0.005740889729389248,
                        0.05116879787716961,
                        0.998673518377713
                    ]
                ],
                "center": [
                    -0.1907288645537486,
                    -0.05939122147848599,
                    0.20578654269119968
                ]
            }
        },
        {
            "key": 40,
            "value": {
                "rotation": [
                    [
                        0.9991876153886019,
                        0.037531521170909198,
                        -0.014679719773789775
                    ],
                    [
                        -0.03833985677420226,
                        0.9975018865185429,
                        -0.05932993995009341
                    ],
                    [
                        0.012416305270613184,
                        0.059844559573495308,
                        0.9981304844823052
                    ]
                ],
                "center": [
                    0.07470687999556744,
                    -0.0026185993765581126,
                    1.2548735203695798
                ]
            }
        },
        {
            "key": 11,
            "value": {
                "rotation": [
                    [
                        -0.9992611836673734,
                        0.016354178595004877,
                        -0.034779701812443487
                    ],
                    [
                        0.017834875978685224,
                        0.9989288062754039,
                        -0.04269844484312105
                    ],
                    [
                        0.034044148021425319,
                        -0.04328719020309378,
                        -0.9984824561051718
                    ]
                ],
                "center": [
                    -0.0582950458888541,
                    -0.04467623488420442,
                    0.45561374862539408
                ]
            }
        },
        {
            "key": 7,
            "value": {
                "rotation": [
                    [
                        -0.9976538222473914,
                        0.009573832670349347,
                        0.06778785055723855
                    ],
                    [
                        0.006158259427538184,
                        0.9987092648016437,
                        -0.05041706298650443
                    ],
                    [
                        -0.0681830389172666,
                        -0.04988132042520696,
                        -0.996425073488541
                    ]
                ],
                "center": [
                    -0.057965639071403469,
                    -0.005157967809356326,
                    1.2293769037528946
                ]
            }
        },
        {
            "key": 36,
            "value": {
                "rotation": [
                    [
                        0.9097654469773758,
                        0.004578191285017733,
                        -0.4150974242880981
                    ],
                    [
                        -0.0240723437176653,
                        0.9988383572880297,
                        -0.04174276318224343
                    ],
                    [
                        0.41442412303580269,
                        0.04796849147834509,
                        0.9088188323705103
                    ]
                ],
                "center": [
                    0.007096788218670059,
                    -0.033940448256355008,
                    0.6633050957183035
                ]
            }
        },
        {
            "key": 39,
            "value": {
                "rotation": [
                    [
                        0.9592913879127659,
                        0.022451297466072115,
                        -0.28152437251237985
                    ],
                    [
                        -0.03781180997717375,
                        0.9980705803549013,
                        -0.049248184294253097
                    ],
                    [
                        0.2798755082222262,
                        0.05788830514119892,
                        0.9582894364570811
                    ]
                ],
                "center": [
                    0.1349041991952245,
                    -0.00959463164659116,
                    1.1250637052973296
                ]
            }
        },
        {
            "key": 10,
            "value": {
                "rotation": [
                    [
                        -0.9924361962414424,
                        0.019877716342003299,
                        0.12114154028591538
                    ],
                    [
                        0.014347923498098754,
                        0.998822215367663,
                        -0.04634996417827624
                    ],
                    [
                        -0.12192019308182672,
                        -0.04426125259255142,
                        -0.9915525240943257
                    ]
                ],
                "center": [
                    -0.11007999210486247,
                    -0.03579523336933427,
                    0.6292100886829352
                ]
            }
        },
        {
            "key": 6,
            "value": {
                "rotation": [
                    [
                        -0.9999390438814079,
                        0.010691247073560553,
                        -0.0027578537937823146
                    ],
                    [
                        0.010817906663182867,
                        0.9986426215392011,
                        -0.05094985123372241
                    ],
                    [
                        0.0022093928945437219,
                        -0.0509765797334802,
                        -0.9986974050740863
                    ]
                ],
                "center": [
                    -0.04610660639592616,
                    0.005485575853825199,
                    1.432139038413928
                ]
            }
        },
        {
            "key": 35,
            "value": {
                "rotation": [
                    [
                        0.9300575084802453,
                        -0.0028571295569528086,
                        -0.3674028684294847
                    ],
                    [
                        -0.014715514764507358,
                        0.9988777310620992,
                        -0.04501924048057891
                    ],
                    [
                        0.3671191694051593,
                        0.047277004969936659,
                        0.9289716896958371
                    ]
                ],
                "center": [
                    -0.05384963899638056,
                    -0.042941005627626958,
                    0.5112203892275392
                ]
            }
        },
        {
            "key": 5,
            "value": {
                "rotation": [
                    [
                        -0.9989998769192887,
                        -0.0008955841338093743,
                        -0.044703957814776398
                    ],
                    [
                        0.0013488105058475403,
                        0.9987407700844524,
                        -0.05015032284377039
                    ],
                    [
                        0.04469257908719695,
                        -0.05016046351634274,
                        -0.997740698415355
                    ]
                ],
                "center": [
                    -0.03885195562425866,
                    0.01403610571427538,
                    1.6324455784532013
                ]
            }
        },
        {
            "key": 19,
            "value": {
                "rotation": [
                    [
                        0.5481657878073439,
                        -0.03451909987486943,
                        -0.8356570473713381
                    ],
                    [
                        -0.007934780102389521,
                        0.9988883204218192,
                        -0.04646679017969301
                    ],
                    [
                        0.8363320562684899,
                        0.03210225955763364,
                        0.5472825016287416
                    ]
                ],
                "center": [
                    1.463550237464646,
                    -0.02835999065957257,
                    0.600294318942449
                ]
            }
        },
        {
            "key": 31,
            "value": {
                "rotation": [
                    [
                        0.801011760235422,
                        0.06350134653109374,
                        0.5952711474221548
                    ],
                    [
                        -0.029015767529263795,
                        0.997307757701331,
                        -0.0673447968549246
                    ],
                    [
                        -0.5979450185420383,
                        0.036671725040980717,
                        0.8006977828015264
                    ]
                ],
                "center": [
                    1.3995451423091104,
                    -0.05751257942469705,
                    0.0441013946996347
                ]
            }
        },
        {
            "key": 30,
            "value": {
                "rotation": [
                    [
                        0.8302415858976333,
                        0.050716321763735017,
                        0.5550916714858367
                    ],
                    [
                        -0.02274036101224605,
                        0.9981048585937105,
                        -0.057180129701340409
                    ],
                    [
                        -0.5569396601313427,
                        0.03485033656059421,
                        0.8298214681570957
                    ]
                ],
                "center": [
                    1.5259506088358895,
                    -0.06047148122766556,
                    -0.053123901304261988
                ]
            }
        },
        {
            "key": 20,
            "value": {
                "rotation": [
                    [
                        -0.8224365593088154,
                        -0.04079474831750706,
                        -0.567392187487622
                    ],
                    [
                        -0.011581779362847794,
                        0.9984193354428598,
                        -0.054997209025812499
                    ],
                    [
                        0.5687389280672353,
                        -0.038660304235091747,
                        -0.8216090387631958
                    ]
                ],
                "center": [
                    1.8511692360681496,
                    -0.051071968388076,
                    0.1423133547524111
                ]
            }
        },
        {
            "key": 21,
            "value": {
                "rotation": [
                    [
                        -0.9139872599158014,
                        -0.02533981876048252,
                        -0.4049508393580525
                    ],
                    [
                        -0.005078848878214469,
                        0.9986842276350922,
                        -0.05102958717225613
                    ],
                    [
                        0.4057110967248463,
                        -0.04458370843799925,
                        -0.9129133578474126
                    ]
                ],
                "center": [
                    1.8990750175643112,
                    -0.06081360627732107,
                    -0.037560384930940837
                ]
            }
        },
        {
            "key": 22,
            "value": {
                "rotation": [
                    [
                        -0.9747648916582768,
                        -0.018136591723171889,
                        -0.2224960000339214
                    ],
                    [
                        -0.006900589823014315,
                        0.9986659272823459,
                        -0.051173699742998238
                    ],
                    [
                        0.22312729068969193,
                        -0.048346972252241399,
                        -0.9735896375904577
                    ]
                ],
                "center": [
                    1.905126888335341,
                    -0.07098980919278336,
                    -0.22293632754418264
                ]
            }
        },
        {
            "key": 23,
            "value": {
                "rotation": [
                    [
                        -0.9992184529109989,
                        -0.009697055468161372,
                        0.0383203663525982
                    ],
                    [
                        -0.011698801893287472,
                        0.9985595874460037,
                        -0.052363043780208649
                    ],
                    [
                        -0.037757401875811748,
                        -0.05277042197020823,
                        -0.9978926100381115
                    ]
                ],
                "center": [
                    1.8404014010187522,
                    -0.08056413557974684,
                    -0.40395562372685608
                ]
            }
        },
        {
            "key": 28,
            "value": {
                "rotation": [
                    [
                        -0.4874276405469103,
                        0.05538910374012907,
                        0.8714048097283703
                    ],
                    [
                        -0.004869060477662526,
                        0.9977980363514715,
                        -0.06614658648193984
                    ],
                    [
                        -0.8731498081548991,
                        -0.03648459729821753,
                        -0.4860846497052237
                    ]
                ],
                "center": [
                    1.8800625718855158,
                    -0.08252195123711165,
                    -0.44824722656665968
                ]
            }
        },
        {
            "key": 27,
            "value": {
                "rotation": [
                    [
                        -0.5293090101024661,
                        0.05140400891746864,
                        0.8468704739755426
                    ],
                    [
                        -0.007958864052499551,
                        0.9978181510748022,
                        -0.0655407801956652
                    ],
                    [
                        -0.8483917893917534,
                        -0.04143145245915806,
                        -0.5277450202889491
                    ]
                ],
                "center": [
                    1.8032764030827447,
                    -0.08466857830370593,
                    -0.4840868266361454
                ]
            }
        },
        {
            "key": 29,
            "value": {
                "rotation": [
                    [
                        -0.38632159072366586,
                        0.052107326466759949,
                        0.9208911200946739
                    ],
                    [
                        -0.009637779784255599,
                        0.9981204327304225,
                        -0.060520368198355687
                    ],
                    [
                        -0.9223137978700995,
                        -0.032255670734319678,
                        -0.3850932743685775
                    ]
                ],
                "center": [
                    1.9490525656993668,
                    -0.07856352388141269,
                    -0.4140366196133252
                ]
            }
        },
        {
            "key": 0,
            "value": {
                "rotation": [
                    [
                        -0.23093335766389615,
                        -0.02975725751500795,
                        -0.9725144163164187
                    ],
                    [
                        -0.008007596424904559,
                        0.99955647748305,
                        -0.028683213229572153
                    ],
                    [
                        0.972936618037154,
                        0.0011635922235689117,
                        -0.23106921762874944
                    ]
                ],
                "center": [
                    -0.46281791378716738,
                    0.059833779129115669,
                    2.5966728677337027
                ]
            }
        },
        {
            "key": 24,
            "value": {
                "rotation": [
                    [
                        -0.9153184340797921,
                        0.003337930766003099,
                        0.4027170501132509
                    ],
                    [
                        -0.018705154968692695,
                        0.9985341454336347,
                        -0.0507905264859263
                    ],
                    [
                        -0.4022962607473682,
                        -0.054022390000089407,
                        -0.9139142738612652
                    ]
                ],
                "center": [
                    1.7134030683469329,
                    -0.09058449297773672,
                    -0.5279115892152257
                ]
            }
        },
        {
            "key": 25,
            "value": {
                "rotation": [
                    [
                        -0.72943018577788,
                        0.024971193528954009,
                        0.6835993297025584
                    ],
                    [
                        -0.020884914716448895,
                        0.9980546455787529,
                        -0.05874304023420526
                    ],
                    [
                        -0.6837363705503272,
                        -0.05712586045225339,
                        -0.7274896642937654
                    ]
                ],
                "center": [
                    1.6908906326895859,
                    -0.08732174137949719,
                    -0.5412240470401926
                ]
            }
        },
        {
            "key": 26,
            "value": {
                "rotation": [
                    [
                        -0.6025750513108383,
                        0.04408696368458683,
                        0.7968435525062713
                    ],
                    [
                        -0.01351875967724614,
                        0.9977658248033313,
                        -0.06542630962630707
                    ],
                    [
                        -0.7979477117421476,
                        -0.050196598366846128,
                        -0.6006327920101167
                    ]
                ],
                "center": [
                    1.7213277061269697,
                    -0.08656222903427671,
                    -0.5250320651812669
                ]
            }
        },
        {
            "key": 18,
            "value": {
                "rotation": [
                    [
                        0.6957284856577848,
                        -0.014737041170211197,
                        -0.7181536700887026
                    ],
                    [
                        -0.016780081041511555,
                        0.9991832292243175,
                        -0.03676007776250501
                    ],
                    [
                        0.7181088379379311,
                        0.0376257100187174,
                        0.6949129462177415
                    ]
                ],
                "center": [
                    1.3241123744741677,
                    -0.03424269823698367,
                    0.5533400868478373
                ]
            }
        },
        {
            "key": 17,
            "value": {
                "rotation": [
                    [
                        0.7209660393900901,
                        -0.003700364876418852,
                        -0.6929605164408349
                    ],
                    [
                        -0.023488166766183949,
                        0.9992806630485345,
                        -0.029773519765812628
                    ],
                    [
                        0.6925722172222412,
                        0.03774206879680377,
                        0.720360507089892
                    ]
                ],
                "center": [
                    1.2126149843857499,
                    -0.03968912815815306,
                    0.4564651642766881
                ]
            }
        },
        {
            "key": 46,
            "value": {
                "rotation": [
                    [
                        0.8120840646066311,
                        0.06938293108912866,
                        0.5794009672803924
                    ],
                    [
                        -0.033067400496491438,
                        0.9967823492244593,
                        -0.07301708908860158
                    ],
                    [
                        -0.5826027969692368,
                        0.04013673065970079,
                        0.81176537485629
                    ]
                ],
                "center": [
                    -0.5375569281804391,
                    0.03266736631094543,
                    2.1135945694674689
                ]
            }
        },
        {
            "key": 16,
            "value": {
                "rotation": [
                    [
                        0.5737337548447743,
                        -0.002024390660677713,
                        -0.819039364374002
                    ],
                    [
                        -0.026164328008270279,
                        0.9994412734612612,
                        -0.020798289401005415
                    ],
                    [
                        0.8186238492076761,
                        0.0333622952535537,
                        0.5733602277485095
                    ]
                ],
                "center": [
                    1.128253173809219,
                    -0.04655631196088574,
                    0.3149417096937566
                ]
            }
        },
        {
            "key": 13,
            "value": {
                "rotation": [
                    [
                        -0.8981598878161178,
                        0.00182938559862701,
                        -0.4396651785921536
                    ],
                    [
                        0.01853754751380112,
                        0.9992596823956957,
                        -0.033711221731451437
                    ],
                    [
                        0.4392780158968945,
                        -0.03842838126678059,
                        -0.8975288765621431
                    ]
                ],
                "center": [
                    0.14186416868106184,
                    -0.06021529917500698,
                    0.15979389226644537
                ]
            }
        },
        {
            "key": 42,
            "value": {
                "rotation": [
                    [
                        0.9605834817627285,
                        0.047038276317671507,
                        0.27398316577055639
                    ],
                    [
                        -0.031008858429851104,
                        0.9975601651610963,
                        -0.0625473227456129
                    ],
                    [
                        -0.2762568103476749,
                        0.051586019858376328,
                        0.9596984199693672
                    ]
                ],
                "center": [
                    -0.09255057567571122,
                    0.012415946445680095,
                    1.5597482844502202
                ]
            }
        },
        {
            "key": 38,
            "value": {
                "rotation": [
                    [
                        0.9100565455048804,
                        0.006773275565067797,
                        -0.41442877159029797
                    ],
                    [
                        -0.027252508262893474,
                        0.9986806752550815,
                        -0.04352251906123126
                    ],
                    [
                        0.4135872154420451,
                        0.050902176870679809,
                        0.9090404741334247
                    ]
                ],
                "center": [
                    0.13619546096944305,
                    -0.016161668125988499,
                    0.9855773715977007
                ]
            }
        },
        {
            "key": 9,
            "value": {
                "rotation": [
                    [
                        -0.9859031088127399,
                        0.013906533782115783,
                        0.16673832298407496
                    ],
                    [
                        0.006195778305001959,
                        0.998890868117571,
                        -0.04667596729068288
                    ],
                    [
                        -0.16720248910997138,
                        -0.04498490757456887,
                        -0.9848957740420746
                    ]
                ],
                "center": [
                    -0.10197014716301276,
                    -0.02650129284201313,
                    0.8281437753400887
                ]
            }
        },
        {
            "key": 12,
            "value": {
                "rotation": [
                    [
                        -0.9678124949159427,
                        0.010332245798000984,
                        -0.25146017454330268
                    ],
                    [
                        0.021056784512551699,
                        0.998977954393696,
                        -0.03999573053938304
                    ],
                    [
                        0.25078992505794669,
                        -0.04400331046815301,
                        -0.9670409102810867
                    ]
                ],
                "center": [
                    0.0367242316948908,
                    -0.055486092030421877,
                    0.2853687056069079
                ]
            }
        },
        {
            "key": 41,
            "value": {
                "rotation": [
                    [
                        0.9818027847260803,
                        0.044920600774189637,
                        0.1845140415529396
                    ],
                    [
                        -0.033411213807722727,
                        0.9973244351949222,
                        -0.06502047181483724
                    ],
                    [
                        -0.18694112093386165,
                        0.057672442199158509,
                        0.9806767595465776
                    ]
                ],
                "center": [
                    -0.008172811980160183,
                    0.004544098054180957,
                    1.4061371712189095
                ]
            }
        },
        {
            "key": 32,
            "value": {
                "rotation": [
                    [
                        0.9502827144271214,
                        0.01758727727949471,
                        0.31089138029047416
                    ],
                    [
                        -0.002666849228926887,
                        0.9988267724763869,
                        -0.048352523197804097
                    ],
                    [
                        -0.3113770231989063,
                        0.045119466556001967,
                        0.9492147192081936
                    ]
                ],
                "center": [
                    -0.24412187409332318,
                    -0.06495727698274441,
                    0.07182420802346451
                ]
            }
        },
        {
            "key": 3,
            "value": {
                "rotation": [
                    [
                        -0.9583572220588421,
                        -0.022823868610456167,
                        -0.28465857786006
                    ],
                    [
                        -0.008684332830763014,
                        0.9986692742214592,
                        -0.05083564781989357
                    ],
                    [
                        0.28544004149898757,
                        -0.0462466403929664,
                        -0.9572801214698965
                    ]
                ],
                "center": [
                    -0.04329293277451178,
                    0.03557596334381216,
                    2.0444826408817735
                ]
            }
        },
        {
            "key": 8,
            "value": {
                "rotation": [
                    [
                        -0.9922236404078166,
                        0.01113707599631454,
                        0.12396859664492555
                    ],
                    [
                        0.005124295341701445,
                        0.9987995239067565,
                        -0.048716040899150648
                    ],
                    [
                        -0.12436232955807376,
                        -0.047701955744906477,
                        -0.991089569315004
                    ]
                ],
                "center": [
                    -0.08264869638632191,
                    -0.01727512552584162,
                    1.0285095911461025
                ]
            }
        },
        {
            "key": 37,
            "value": {
                "rotation": [
                    [
                        0.9036944777654047,
                        0.002771666589405034,
                        -0.4281689020942899
                    ],
                    [
                        -0.024019651890596944,
                        0.9987325410266787,
                        -0.04423084689951176
                    ],
                    [
                        0.4275036224166609,
                        0.050255640068659779,
                        0.9026156565570543
                    ]
                ],
                "center": [
                    0.06884376954084164,
                    -0.024697765193206837,
                    0.8244366644719081
                ]
            }
        },
        {
            "key": 34,
            "value": {
                "rotation": [
                    [
                        0.9674165762226145,
                        -0.002949692324480908,
                        -0.25317280139245837
                    ],
                    [
                        -0.009382592193272295,
                        0.9988276587783896,
                        -0.047489735975424159
                    ],
                    [
                        0.2530160765908937,
                        0.04831777493295452,
                        0.9662547581316634
                    ]
                ],
                "center": [
                    -0.11962090075938876,
                    -0.04978595392701279,
                    0.35264249805083577
                ]
            }
        }
    ],
    "structure": [],
    "control_points": []
}