{
    "sfm_data_version": "0.3",
    "root_path": "/home/chung/extlink/dataset/OmniScenes_ver1_1_release/turtlebot_pano/turtlebot_room_3_scene_1/images",
    "views": [],
    "intrinsics": [],
    "extrinsics": [
        {
            "key": 32,
            "value": {
                "rotation": [
                    [
                        -0.5349372613505871,
                        0.047687534802256837,
                        -0.8435449160792905
                    ],
                    [
                        0.034187806268487708,
                        0.9988099013693973,
                        0.034784692452327587
                    ],
                    [
                        0.8441998106617189,
                        -0.010231322052315953,
                        -0.5359309654496368
                    ]
                ],
                "center": [
                    7.402052856404149,
                    -0.24519411426903579,
                    -1.2082240289485576
                ]
            }
        },
        {
            "key": 91,
            "value": {
                "rotation": [
                    [
                        0.29075145281815598,
                        0.0040403810248010418,
                        0.9567900856537478
                    ],
                    [
                        0.02914930406680277,
                        0.999489503213386,
                        -0.013078648197720542
                    ],
                    [
                        -0.9563544901115656,
                        0.031692401099208167,
                        0.29048525084075135
                    ]
                ],
                "center": [
                    8.664225097104103,
                    -0.29839611087715109,
                    4.738747831217575
                ]
            }
        },
        {
            "key": 89,
            "value": {
                "rotation": [
                    [
                        0.210686136862639,
                        0.010240933442652143,
                        0.9775001150977531
                    ],
                    [
                        0.027633811793193205,
                        0.9994831243220288,
                        -0.01642731387824666
                    ],
                    [
                        -0.9771631000911136,
                        0.030473061508473809,
                        0.21029424229546812
                    ]
                ],
                "center": [
                    9.431818292243103,
                    -0.3187225886652073,
                    4.601596887866272
                ]
            }
        },
        {
            "key": 30,
            "value": {
                "rotation": [
                    [
                        -0.602177011780527,
                        0.04903198491834311,
                        -0.7968555144679884
                    ],
                    [
                        0.03379408133276644,
                        0.9987831502176254,
                        0.03591906051430392
                    ],
                    [
                        0.7976470438420427,
                        -0.005299367539927201,
                        -0.6031012437010284
                    ]
                ],
                "center": [
                    7.013577928040269,
                    -0.2305405232963227,
                    -1.0216809746090224
                ]
            }
        },
        {
            "key": 88,
            "value": {
                "rotation": [
                    [
                        0.23158211408416358,
                        0.01367507466769076,
                        0.972719238408053
                    ],
                    [
                        0.02752593212612546,
                        0.9994087328937454,
                        -0.020603584064574817
                    ],
                    [
                        -0.9724258570692664,
                        0.031546425289581538,
                        0.23106876802058619
                    ]
                ],
                "center": [
                    9.815150512477765,
                    -0.3181034367195289,
                    4.580533430309457
                ]
            }
        },
        {
            "key": 29,
            "value": {
                "rotation": [
                    [
                        -0.6854404644610852,
                        0.04912501571225815,
                        -0.7264696156830252
                    ],
                    [
                        0.04000430023290384,
                        0.9987552585830121,
                        0.02979243890077856
                    ],
                    [
                        0.7270289028933084,
                        -0.008640965458287844,
                        -0.6865524802035903
                    ]
                ],
                "center": [
                    6.926438861516521,
                    -0.2301522205883033,
                    -0.9886525328330379
                ]
            }
        },
        {
            "key": 92,
            "value": {
                "rotation": [
                    [
                        0.3502945300085894,
                        0.002042286905115543,
                        0.936637374500003
                    ],
                    [
                        0.02879688805143537,
                        0.9995014050345508,
                        -0.012949153351166141
                    ],
                    [
                        -0.9361968177069471,
                        0.03150825920542282,
                        0.3500610634121272
                    ]
                ],
                "center": [
                    8.294908351161118,
                    -0.28525772299495286,
                    4.8414566510819398
                ]
            }
        },
        {
            "key": 93,
            "value": {
                "rotation": [
                    [
                        0.3673317196011173,
                        0.005068453933725537,
                        0.9300761896477127
                    ],
                    [
                        0.02711989501603583,
                        0.9995015952283681,
                        -0.016157735926380987
                    ],
                    [
                        -0.9296945299770272,
                        0.031158817542858876,
                        0.3670111837807201
                    ]
                ],
                "center": [
                    7.927887053374398,
                    -0.2748339522385171,
                    4.913418749824947
                ]
            }
        },
        {
            "key": 94,
            "value": {
                "rotation": [
                    [
                        0.340976388056157,
                        0.008595338801734642,
                        0.9400325648290385
                    ],
                    [
                        0.0275131146467776,
                        0.9994386017506506,
                        -0.019118311984522006
                    ],
                    [
                        -0.9396691605616363,
                        0.032382116694058788,
                        0.34054847996695278
                    ]
                ],
                "center": [
                    7.545010463757904,
                    -0.2658980125059612,
                    4.989427984751106
                ]
            }
        },
        {
            "key": 95,
            "value": {
                "rotation": [
                    [
                        0.2637041244537375,
                        0.014001045872848863,
                        0.9645019986814719
                    ],
                    [
                        0.026325779853442058,
                        0.999417740253735,
                        -0.02170561635213275
                    ],
                    [
                        -0.9642443093226922,
                        0.03111512784136119,
                        0.26318199170577746
                    ]
                ],
                "center": [
                    7.1794497231813,
                    -0.26187366480328747,
                    4.99512973756376
                ]
            }
        },
        {
            "key": 96,
            "value": {
                "rotation": [
                    [
                        0.09931068906732782,
                        0.02580749062993265,
                        0.994721750272084
                    ],
                    [
                        0.03213908004676818,
                        0.9990588561683902,
                        -0.02912870483311144
                    ],
                    [
                        -0.9945373128096903,
                        0.03486223370487096,
                        0.09838779441773758
                    ]
                ],
                "center": [
                    6.833439396127268,
                    -0.2485775490816126,
                    4.907414221654144
                ]
            }
        },
        {
            "key": 98,
            "value": {
                "rotation": [
                    [
                        -0.13141470968120415,
                        0.03654359180514341,
                        0.9906536932638892
                    ],
                    [
                        0.03605395361768775,
                        0.998835370313648,
                        -0.03206267984637915
                    ],
                    [
                        -0.9906716340483048,
                        0.03150347454451401,
                        -0.1325792011730524
                    ]
                ],
                "center": [
                    6.551573955723533,
                    -0.23753883554570338,
                    4.725944986871952
                ]
            }
        },
        {
            "key": 99,
            "value": {
                "rotation": [
                    [
                        -0.39011999066926819,
                        0.046604176148970378,
                        0.9195838426406185
                    ],
                    [
                        0.046817418426178248,
                        0.9984304055724015,
                        -0.030738486632209216
                    ],
                    [
                        -0.9195730108110602,
                        0.031060843420713806,
                        -0.39168954772099248
                    ]
                ],
                "center": [
                    6.312534269008038,
                    -0.23171738588230346,
                    4.477534725031272
                ]
            }
        },
        {
            "key": 100,
            "value": {
                "rotation": [
                    [
                        -0.6665549452745956,
                        0.05406827026487218,
                        0.7434925198551399
                    ],
                    [
                        0.05437383151884932,
                        0.998235857884281,
                        -0.023846561177524096
                    ],
                    [
                        -0.7434702357027755,
                        0.024531493729456238,
                        -0.6683189466410937
                    ]
                ],
                "center": [
                    6.199303361407656,
                    -0.22891477188715046,
                    4.153938895245523
                ]
            }
        },
        {
            "key": 102,
            "value": {
                "rotation": [
                    [
                        -0.9033816213907314,
                        0.05080514331058243,
                        0.42581742982955086
                    ],
                    [
                        0.05207940904392486,
                        0.9986054150082547,
                        -0.008657959911415072
                    ],
                    [
                        -0.42566346012676356,
                        0.014354878243415843,
                        -0.9047676807797281
                    ]
                ],
                "center": [
                    6.040838624641916,
                    -0.22125725993997909,
                    3.2839240580089354
                ]
            }
        },
        {
            "key": 103,
            "value": {
                "rotation": [
                    [
                        -0.9395550653390069,
                        0.04797136170552733,
                        0.33902068912078489
                    ],
                    [
                        0.05014234522490909,
                        0.9987392979877557,
                        -0.0023579377156235207
                    ],
                    [
                        -0.33870639853885317,
                        0.014783880107813008,
                        -0.9407759629570673
                    ]
                ],
                "center": [
                    5.962171375591627,
                    -0.2201040393004312,
                    2.8524500722158434
                ]
            }
        },
        {
            "key": 104,
            "value": {
                "rotation": [
                    [
                        -0.9544397216814018,
                        0.047038141914129517,
                        0.2946730915472169
                    ],
                    [
                        0.04967623819080695,
                        0.998764292795965,
                        0.0014692838339519644
                    ],
                    [
                        -0.2942398495036634,
                        0.01604059353766911,
                        -0.9555969915832829
                    ]
                ],
                "center": [
                    5.8778035821781089,
                    -0.22524901468341086,
                    2.4180465325354807
                ]
            }
        },
        {
            "key": 105,
            "value": {
                "rotation": [
                    [
                        -0.9619970574929403,
                        0.046338740896092567,
                        0.26909920562329667
                    ],
                    [
                        0.048282325083517877,
                        0.9988335453096452,
                        0.0006048542746737993
                    ],
                    [
                        -0.2687572854072127,
                        0.013574603358068653,
                        -0.9631122736650266
                    ]
                ],
                "center": [
                    5.800197519191603,
                    -0.21442262909877014,
                    1.962273485916985
                ]
            }
        },
        {
            "key": 87,
            "value": {
                "rotation": [
                    [
                        0.25614733670370379,
                        0.01343683061828547,
                        0.9665443567071999
                    ],
                    [
                        0.027328973184793313,
                        0.9994030164253682,
                        -0.021136177150565744
                    ],
                    [
                        -0.9662513488343828,
                        0.03182864029157946,
                        0.25562720616735026
                    ]
                ],
                "center": [
                    10.191407647401033,
                    -0.32963006807472319,
                    4.567649603549029
                ]
            }
        },
        {
            "key": 28,
            "value": {
                "rotation": [
                    [
                        -0.5518160295719395,
                        0.022602797432348989,
                        -0.8336595126643085
                    ],
                    [
                        0.026530789051740296,
                        0.9996024670977974,
                        0.009540702504942859
                    ],
                    [
                        0.8335437521448722,
                        -0.016852932095868767,
                        -0.552196334594879
                    ]
                ],
                "center": [
                    6.705276185048694,
                    -0.22364669575368219,
                    -0.7443430932604557
                ]
            }
        },
        {
            "key": 106,
            "value": {
                "rotation": [
                    [
                        -0.9563095674822048,
                        0.04316733080082892,
                        0.2891515047402144
                    ],
                    [
                        0.045447868175261089,
                        0.9989660216589807,
                        0.0011742440774638477
                    ],
                    [
                        -0.28880183936450706,
                        0.014264260315949637,
                        -0.9572826272618323
                    ]
                ],
                "center": [
                    5.703872799327101,
                    -0.21140255517230584,
                    1.5199331162386612
                ]
            }
        },
        {
            "key": 107,
            "value": {
                "rotation": [
                    [
                        -0.9487064894199678,
                        0.04017318419537387,
                        0.31359545947613007
                    ],
                    [
                        0.04296110666400396,
                        0.999074779988935,
                        0.0019817427343943258
                    ],
                    [
                        -0.3132257017657469,
                        0.015352500176382123,
                        -0.9495546116425793
                    ]
                ],
                "center": [
                    5.598575092363709,
                    -0.20561787692514905,
                    1.0908229054852568
                ]
            }
        },
        {
            "key": 26,
            "value": {
                "rotation": [
                    [
                        0.027001364741866604,
                        0.0030747052419928704,
                        -0.9996306680418281
                    ],
                    [
                        0.023997657434564117,
                        0.9997050818334435,
                        0.0037231430326080188
                    ],
                    [
                        0.9993473063653746,
                        -0.024089324275761858,
                        0.026919615825772806
                    ]
                ],
                "center": [
                    6.0841399961499189,
                    -0.20822761468468677,
                    -0.1451590229610917
                ]
            }
        },
        {
            "key": 3,
            "value": {
                "rotation": [
                    [
                        -0.9135450934953415,
                        0.03447775319706939,
                        0.4052735455036138
                    ],
                    [
                        0.039219469294321549,
                        0.9992248378844445,
                        0.0033994974743418928
                    ],
                    [
                        -0.404842185769788,
                        0.019000207611714647,
                        -0.9141891471308616
                    ]
                ],
                "center": [
                    5.382693113351237,
                    -0.1976579583808631,
                    0.6789436268463698
                ]
            }
        },
        {
            "key": 25,
            "value": {
                "rotation": [
                    [
                        0.33404438281218637,
                        -0.0028848063047718747,
                        -0.9425529312480067
                    ],
                    [
                        0.024818885909776379,
                        0.9996755063994819,
                        0.005736271187519596
                    ],
                    [
                        0.9422305308223795,
                        -0.025309282833047884,
                        0.3340075852262247
                    ]
                ],
                "center": [
                    5.722152989035011,
                    -0.19244568827855189,
                    -0.010505699354980062
                ]
            }
        },
        {
            "key": 24,
            "value": {
                "rotation": [
                    [
                        0.5878425549708567,
                        -0.008748501146371454,
                        -0.8089280526060568
                    ],
                    [
                        0.023170775970426079,
                        0.9997133588529189,
                        0.006026215391393984
                    ],
                    [
                        0.8086434601888918,
                        -0.022285956535609724,
                        0.5878767646667363
                    ]
                ],
                "center": [
                    5.315903913018821,
                    -0.18438164639909644,
                    -0.013889828146168397
                ]
            }
        },
        {
            "key": 4,
            "value": {
                "rotation": [
                    [
                        -0.8050396790635811,
                        0.022903470649802444,
                        0.5927786654101176
                    ],
                    [
                        0.032362594289596518,
                        0.9994619594326198,
                        0.0053342420225514449
                    ],
                    [
                        -0.592337553785047,
                        0.023478131938078397,
                        -0.8053477507863573
                    ]
                ],
                "center": [
                    5.048877757971298,
                    -0.1806820555462801,
                    0.3828381500087039
                ]
            }
        },
        {
            "key": 11,
            "value": {
                "rotation": [
                    [
                        -0.5689540518338044,
                        0.018629886451916358,
                        -0.822158265927361
                    ],
                    [
                        0.025784791807282278,
                        0.9996559535976843,
                        0.004808216733798497
                    ],
                    [
                        0.8219649818656215,
                        -0.018463525326783464,
                        -0.5692386729827441
                    ]
                ],
                "center": [
                    2.385050666842971,
                    -0.09172453730241065,
                    -0.8268031669499748
                ]
            }
        },
        {
            "key": 2,
            "value": {
                "rotation": [
                    [
                        -0.37354499541870719,
                        0.010589714530251343,
                        -0.92755161276546
                    ],
                    [
                        0.025727242619537413,
                        0.9996684460228152,
                        0.0010521471025432648
                    ],
                    [
                        0.9272552212766632,
                        -0.023470321099160874,
                        -0.37369358924481008
                    ]
                ],
                "center": [
                    2.106582070624437,
                    -0.07627955444187068,
                    -0.5194265189363349
                ]
            }
        },
        {
            "key": 90,
            "value": {
                "rotation": [
                    [
                        0.23312727030132897,
                        0.00761381799239947,
                        0.972416426032299
                    ],
                    [
                        0.029723276599644349,
                        0.99944633916369,
                        -0.014951319690239188
                    ],
                    [
                        -0.971991873767488,
                        0.03238896274778359,
                        0.23277188924371979
                    ]
                ],
                "center": [
                    9.031445498480704,
                    -0.3050657484030387,
                    4.664522537775297
                ]
            }
        },
        {
            "key": 31,
            "value": {
                "rotation": [
                    [
                        0.9979857989204752,
                        -0.01848932345255415,
                        -0.060683523886864567
                    ],
                    [
                        0.01844536687631047,
                        0.9998290446285456,
                        -0.0012845068968757616
                    ],
                    [
                        0.060696899375990698,
                        0.0001625897802568494,
                        0.9981562302418916
                    ]
                ],
                "center": [
                    0.05152643289245857,
                    -0.017392903862198853,
                    -0.08519672738565647
                ]
            }
        },
        {
            "key": 97,
            "value": {
                "rotation": [
                    [
                        -0.12742487043654963,
                        0.008538205927208043,
                        -0.9918114747439522
                    ],
                    [
                        0.026484902617694759,
                        0.9996356737043403,
                        0.005202863730749638
                    ],
                    [
                        0.9914945548653102,
                        -0.025605056086916,
                        -0.12760457975804052
                    ]
                ],
                "center": [
                    1.769635221666104,
                    -0.07294438972260721,
                    -0.27894301935067858
                ]
            }
        },
        {
            "key": 10,
            "value": {
                "rotation": [
                    [
                        0.25521277177703485,
                        0.0077760150342729588,
                        0.9668536469973467
                    ],
                    [
                        0.02762782546792483,
                        0.999500702869441,
                        -0.015331282510186465
                    ],
                    [
                        -0.9664901160290244,
                        0.030624802916590766,
                        0.25487051038620175
                    ]
                ],
                "center": [
                    2.789254503817231,
                    -0.1074855957481437,
                    0.43235691075573487
                ]
            }
        },
        {
            "key": 27,
            "value": {
                "rotation": [
                    [
                        -0.2982765851265695,
                        0.014594017889249224,
                        -0.9543679025444436
                    ],
                    [
                        0.024223178267498238,
                        0.9996767967114566,
                        0.007716200576841923
                    ],
                    [
                        0.9541720580691164,
                        -0.020816261877900367,
                        -0.29853369465033149
                    ]
                ],
                "center": [
                    6.395446801878427,
                    -0.2138854425428465,
                    -0.432268401195813
                ]
            }
        },
        {
            "key": 86,
            "value": {
                "rotation": [
                    [
                        0.06485320424678008,
                        0.0036372392245721267,
                        -0.9978881863163571
                    ],
                    [
                        0.023780876024499573,
                        0.9997037262118584,
                        0.005189386633615493
                    ],
                    [
                        0.9976114132438707,
                        -0.024067203596367396,
                        0.06474749320721377
                    ]
                ],
                "center": [
                    1.3702952786159955,
                    -0.05618857778927851,
                    -0.14342122509043268
                ]
            }
        },
        {
            "key": 101,
            "value": {
                "rotation": [
                    [
                        -0.8222194821685265,
                        0.051959718595766427,
                        0.5667938873929119
                    ],
                    [
                        0.05262146552179911,
                        0.9984988424001005,
                        -0.015200101710082195
                    ],
                    [
                        -0.5667328334487586,
                        0.017327705246439889,
                        -0.8237193976846935
                    ]
                ],
                "center": [
                    6.100204513752121,
                    -0.22590103176164012,
                    3.7123415997242215
                ]
            }
        },
        {
            "key": 42,
            "value": {
                "rotation": [
                    [
                        0.9400007908662448,
                        -0.029568681029247324,
                        -0.33988852036075725
                    ],
                    [
                        0.029200856859118986,
                        0.9995543472339658,
                        -0.006198135556266436
                    ],
                    [
                        0.33992031879475445,
                        -0.004098783706325583,
                        0.9404453077359689
                    ]
                ],
                "center": [
                    0.08573288985152113,
                    -0.01686270319852149,
                    -0.10765063061941822
                ]
            }
        },
        {
            "key": 13,
            "value": {
                "rotation": [
                    [
                        -0.7286000822882102,
                        0.041131278202606039,
                        -0.6837032529124263
                    ],
                    [
                        0.03925971817701854,
                        0.999062086251692,
                        0.0182653317264621
                    ],
                    [
                        0.6838132746724608,
                        -0.013533874827130938,
                        -0.7295315206445087
                    ]
                ],
                "center": [
                    2.9044922924200189,
                    -0.118157382579731,
                    -1.443644390766932
                ]
            }
        },
        {
            "key": 12,
            "value": {
                "rotation": [
                    [
                        -0.7030098510020777,
                        0.029246402713827274,
                        -0.7105784948352554
                    ],
                    [
                        0.032068881372225747,
                        0.9994413794745415,
                        0.009408285792878842
                    ],
                    [
                        0.710456709618236,
                        -0.016173339863089808,
                        -0.7035550346889022
                    ]
                ],
                "center": [
                    2.618780853071709,
                    -0.09700577523943102,
                    -1.1612354953407758
                ]
            }
        },
        {
            "key": 6,
            "value": {
                "rotation": [
                    [
                        -0.43393261596241286,
                        0.004917959030568653,
                        0.9009319055749947
                    ],
                    [
                        0.027981811906720078,
                        0.999576251357677,
                        0.00802096778150262
                    ],
                    [
                        -0.9005106901122465,
                        0.02869026665454005,
                        -0.4338863510100972
                    ]
                ],
                "center": [
                    4.280669708307881,
                    -0.15870370189034553,
                    0.060615681733270389
                ]
            }
        },
        {
            "key": 0,
            "value": {
                "rotation": [
                    [
                        0.9929199176074209,
                        -0.004822742733801211,
                        -0.1186877347117045
                    ],
                    [
                        0.0042583723249494469,
                        0.9999783917004391,
                        -0.005008232956377807
                    ],
                    [
                        0.1187093234906782,
                        0.0044673576895981549,
                        0.9929189993305893
                    ]
                ],
                "center": [
                    0.07069613220446101,
                    -0.0184874862104899,
                    -0.27630181673674567
                ]
            }
        },
        {
            "key": 20,
            "value": {
                "rotation": [
                    [
                        0.9992331060792853,
                        -0.007176075562598777,
                        0.03849290395207358
                    ],
                    [
                        0.007201256354469379,
                        0.9999739377152513,
                        -0.0005155552072727268
                    ],
                    [
                        -0.038488201075925907,
                        0.0007923571003053382,
                        0.9992587405412897
                    ]
                ],
                "center": [
                    0.036797875585011057,
                    -0.014693044620028982,
                    -0.07511701338302049
                ]
            }
        },
        {
            "key": 17,
            "value": {
                "rotation": [
                    [
                        -0.04272060113613956,
                        0.03986818755200818,
                        -0.9982912790663276
                    ],
                    [
                        0.027323244150225989,
                        0.9988763809917475,
                        0.038722291072919069
                    ],
                    [
                        0.998713367572335,
                        -0.02562231679896699,
                        -0.04376192767896955
                    ]
                ],
                "center": [
                    3.982141291427522,
                    -0.1521071504676749,
                    -1.5599314721811382
                ]
            }
        },
        {
            "key": 53,
            "value": {
                "rotation": [
                    [
                        0.7142348967164944,
                        -0.026874421413364395,
                        -0.699389932574151
                    ],
                    [
                        0.025524616797386887,
                        0.9995979829440929,
                        -0.01234367981792985
                    ],
                    [
                        0.6994404951457451,
                        -0.009035373141044854,
                        0.7146337214143179
                    ]
                ],
                "center": [
                    0.1582684058993192,
                    -0.022776411735038448,
                    -0.13228422840346513
                ]
            }
        },
        {
            "key": 1,
            "value": {
                "rotation": [
                    [
                        0.9999945634715062,
                        0.001871167326447942,
                        0.0027150985743370447
                    ],
                    [
                        -0.0018721583316660888,
                        0.9999981818059999,
                        0.00036250224229435977
                    ],
                    [
                        -0.002714415335409568,
                        -0.000367583365957781,
                        0.9999962484088908
                    ]
                ],
                "center": [
                    0.02193968530538656,
                    -0.014990912211191934,
                    -0.06989698942793268
                ]
            }
        },
        {
            "key": 15,
            "value": {
                "rotation": [
                    [
                        -0.4802491154466088,
                        0.04734748550316065,
                        -0.8758532997764396
                    ],
                    [
                        0.041068793761598557,
                        0.9986606817815859,
                        0.031467393322372739
                    ],
                    [
                        0.8761701554445444,
                        -0.020858050725454125,
                        -0.4815504131741736
                    ]
                ],
                "center": [
                    3.434545627338442,
                    -0.12542987251672445,
                    -1.6557037195435208
                ]
            }
        },
        {
            "key": 14,
            "value": {
                "rotation": [
                    [
                        -0.6356353592128169,
                        0.04447248782204294,
                        -0.7707073945054062
                    ],
                    [
                        0.041079456200751058,
                        0.9988733720311659,
                        0.023758470601853
                    ],
                    [
                        0.7708956922934802,
                        -0.016558516660823816,
                        -0.6367461402547716
                    ]
                ],
                "center": [
                    3.15569636532787,
                    -0.12950730917809442,
                    -1.5902533136806215
                ]
            }
        },
        {
            "key": 75,
            "value": {
                "rotation": [
                    [
                        0.2623491804420159,
                        -0.003245702011547062,
                        -0.9649675502004484
                    ],
                    [
                        0.02110593669371235,
                        0.999774423083443,
                        0.0023753703816103797
                    ],
                    [
                        0.9647421660514708,
                        -0.02098972049887908,
