{
    "sfm_data_version": "0.3",
    "root_path": "/home/chung/extlink/dataset/OmniScenes_ver1_1_release/turtlebot_pano/turtlebot_pyebaekRoom_1_scene_1/images",
    "views": [],
    "intrinsics": [],
    "extrinsics": [
        {
            "key": 23,
            "value": {
                "rotation": [
                    [
                        -0.9653617025498613,
                        0.0035318046318471138,
                        -0.26089137510863699
                    ],
                    [
                        -0.0015346868813027864,
                        0.9998142228739463,
                        0.019213653352323006
                    ],
                    [
                        0.2609107663286615,
                        0.018948511683225656,
                        -0.9651769402129234
                    ]
                ],
                "center": [
                    -3.0453365969740564,
                    -0.3391322038228056,
                    3.284436076793938
                ]
            }
        },
        {
            "key": 34,
            "value": {
                "rotation": [
                    [
                        -0.9978382883095515,
                        0.004261147611844914,
                        -0.06557890670401934
                    ],
                    [
                        0.002751349634249303,
                        0.9997294720306236,
                        0.023095731825626844
                    ],
                    [
                        0.06565958009806733,
                        0.02286537501116535,
                        -0.9975800690505722
                    ]
                ],
                "center": [
                    -3.025295812812738,
                    -0.3331098659693762,
                    2.9863718909294936
                ]
            }
        },
        {
            "key": 33,
            "value": {
                "rotation": [
                    [
                        -0.988980086364752,
                        0.007936679002675591,
                        -0.14783571253379913
                    ],
                    [
                        0.0056865039864831029,
                        0.9998615607711712,
                        0.01563723008241939
                    ],
                    [
                        0.14793935394741765,
                        0.014624240788748609,
                        -0.9888883046810562
                    ]
                ],
                "center": [
                    -3.013476747568418,
                    -0.33244080876374668,
                    3.0284443369834346
                ]
            }
        },
        {
            "key": 26,
            "value": {
                "rotation": [
                    [
                        -0.9866090254900508,
                        0.009813841322018435,
                        -0.16280761450275717
                    ],
                    [
                        0.009085552377192984,
                        0.9999451147998429,
                        0.005217291052794094
                    ],
                    [
                        0.16284988044077104,
                        0.0036682293323244987,
                        -0.986644039425563
                    ]
                ],
                "center": [
                    -3.00021618516565,
                    -0.3345572607717922,
                    2.809320057024681
                ]
            }
        },
        {
            "key": 28,
            "value": {
                "rotation": [
                    [
                        -0.9833516276471629,
                        0.01376313225524148,
                        -0.18119092856487177
                    ],
                    [
                        0.011275624610431254,
                        0.9998276104572661,
                        0.01475159845434794
                    ],
                    [
                        0.18136272134405233,
                        0.01246296745716746,
                        -0.9833372960224998
                    ]
                ],
                "center": [
                    -2.986828247518326,
                    -0.33240292532012097,
                    2.8316976051839748
                ]
            }
        },
        {
            "key": 31,
            "value": {
                "rotation": [
                    [
                        -0.9884287206472746,
                        0.011955739616169534,
                        -0.15121416762268828
                    ],
                    [
                        0.009240059246572218,
                        0.9997833925008123,
                        0.01864911216885754
                    ],
                    [
                        0.15140437742916139,
                        0.017036090214516639,
                        -0.9883250913163598
                    ]
                ],
                "center": [
                    -2.982904167065799,
                    -0.3289760016807026,
                    2.828099306740446
                ]
            }
        },
        {
            "key": 25,
            "value": {
                "rotation": [
                    [
                        -0.9804509022640685,
                        0.004505247555374744,
                        -0.19671230514138875
                    ],
                    [
                        0.0011272037323342046,
                        0.9998500353408859,
                        0.017281094889386955
                    ],
                    [
                        0.19676066085810918,
                        0.016721530231858986,
                        -0.9803089476105914
                    ]
                ],
                "center": [
                    -3.018986089600141,
                    -0.3339664633006654,
                    3.035465045180233
                ]
            }
        },
        {
            "key": 32,
            "value": {
                "rotation": [
                    [
                        -0.9875801990631509,
                        0.013102038563290892,
                        -0.1565684738504952
                    ],
                    [
                        0.010963464425658846,
                        0.9998345468697377,
                        0.014514865950944124
                    ],
                    [
                        0.1567327434398265,
                        0.01261806131196875,
                        -0.9875604445615229
                    ]
                ],
                "center": [
                    -3.0038584563368397,
                    -0.3323984782448092,
                    2.922245474865284
                ]
            }
        },
        {
            "key": 30,
            "value": {
                "rotation": [
                    [
                        -0.9887742567021564,
                        0.013518197198517204,
                        -0.14880432664274288
                    ],
                    [
                        0.011739010570757136,
                        0.9998488024269066,
                        0.012828402718236014
                    ],
                    [
                        0.14895524466737573,
                        0.01093757879896618,
                        -0.9887834466940163
                    ]
                ],
                "center": [
                    -2.9799585050753545,
                    -0.32886744037157636,
                    2.8195282667227437
                ]
            }
        },
        {
            "key": 27,
            "value": {
                "rotation": [
                    [
                        -0.9845990101442681,
                        0.011851015758640353,
                        -0.17442575110463424
                    ],
                    [
                        0.010001721109488596,
                        0.9998841104845569,
                        0.011477420239538702
                    ],
                    [
                        0.17454155607698519,
                        0.009556098889997972,
                        -0.9846034359965585
                    ]
                ],
                "center": [
                    -2.988637605613629,
                    -0.3319202926099351,
                    2.8324703489804805
                ]
            }
        },
        {
            "key": 36,
            "value": {
                "rotation": [
                    [
                        -0.9998529625584737,
                        0.0011865406590803826,
                        0.0171068811975698
                    ],
                    [
                        0.001591525290415739,
                        0.9997183311231758,
                        0.023679642386294554
                    ],
                    [
                        -0.01707396586307309,
                        0.023703386626327887,
                        -0.9995732235069872
                    ]
                ],
                "center": [
                    -3.06196856350348,
                    -0.33324900126685105,
                    2.7669029629168215
                ]
            }
        },
        {
            "key": 37,
            "value": {
                "rotation": [
                    [
                        -0.9990432538158892,
                        0.010359321260915005,
                        0.04248836861982156
                    ],
                    [
                        0.011345506176272587,
                        0.9996702654566729,
                        0.02303562135885746
                    ],
                    [
                        -0.042235725334896809,
                        0.023495634164619685,
                        -0.9988313664881763
                    ]
                ],
                "center": [
                    -3.0755940549322076,
                    -0.3231590900079587,
                    2.5204525515268965
                ]
            }
        },
        {
            "key": 38,
            "value": {
                "rotation": [
                    [
                        -0.9860827173660037,
                        0.02829949208919955,
                        -0.16382921979784693
                    ],
                    [
                        0.02347644120604307,
                        0.9992342416330017,
                        0.031301550383625007
                    ],
                    [
                        0.16458958417948905,
                        0.027019790813637764,
                        -0.9859919876368216
                    ]
                ],
                "center": [
                    -2.995964316412818,
                    -0.32147050695594539,
                    2.3440065376079288
                ]
            }
        },
        {
            "key": 39,
            "value": {
                "rotation": [
                    [
                        -0.9172178468727278,
                        0.02615316750121482,
                        -0.397526644651413
                    ],
                    [
                        0.01570032597742219,
                        0.9994406604029699,
                        0.029527378777654886
                    ],
                    [
                        0.39807652674122859,
                        0.020841740880498034,
                        -0.9171154238669799
                    ]
                ],
                "center": [
                    -2.845896079686366,
                    -0.313325518089315,
                    2.148353955753421
                ]
            }
        },
        {
            "key": 40,
            "value": {
                "rotation": [
                    [
                        -0.9074033786947832,
                        0.016909609889398083,
                        -0.41992043701953848
                    ],
                    [
                        0.006703072657489561,
                        0.999645432840672,
                        0.025769699605042334
                    ],
                    [
                        0.42020730259032887,
                        0.020568755289858296,
                        -0.9071949896001331
                    ]
                ],
                "center": [
                    -2.740457698850175,
                    -0.3075774195396202,
                    1.91612110855042
                ]
            }
        },
        {
            "key": 58,
            "value": {
                "rotation": [
                    [
                        -0.496107911982558,
                        0.03095958063280903,
                        0.867708732257171
                    ],
                    [
                        0.019732688384396927,
                        0.9995079953975734,
                        -0.024380076813832285
                    ],
                    [
                        -0.8680366125212868,
                        0.005027077019966158,
                        -0.49647474036370128
                    ]
                ],
                "center": [
                    -4.759961318855906,
                    -0.3305143983101527,
                    1.2305934415931013
                ]
            }
        },
        {
            "key": 56,
            "value": {
                "rotation": [
                    [
                        0.045120962052670899,
                        0.025482259967512447,
                        0.9986564740742382
                    ],
                    [
                        -0.018730630581183285,
                        0.9995204576658372,
                        -0.024658024768966895
                    ],
                    [
                        -0.9988059182150818,
                        -0.017592871693497226,
                        0.04557662343903363
                    ]
                ],
                "center": [
                    -4.7211961035072769,
                    -0.3281679455703061,
                    1.3345637786913014
                ]
            }
        },
        {
            "key": 59,
            "value": {
                "rotation": [
                    [
                        -0.9542724658222765,
                        0.03544019343502053,
                        0.2968300080227071
                    ],
                    [
                        0.040512430353864429,
                        0.9991190086586997,
                        0.010952146989520302
                    ],
                    [
                        -0.2961803571479637,
                        0.0224766373406945,
                        -0.9548675284109098
                    ]
                ],
                "center": [
                    -4.687092932161941,
                    -0.3269115666686305,
                    1.1373105861205768
                ]
            }
        },
        {
            "key": 55,
            "value": {
                "rotation": [
                    [
                        0.31948997212547677,
                        0.015003300568164999,
                        0.9474708748469914
                    ],
                    [
                        -0.030385057698805924,
                        0.9995226830034761,
                        -0.005581615373065038
                    ],
                    [
                        -0.9471023735478137,
                        -0.02700568706020828,
                        0.31979335028499858
                    ]
                ],
                "center": [
                    -4.5680347387268169,
                    -0.32623787326912576,
                    1.36874626633981
                ]
            }
        },
        {
            "key": 54,
            "value": {
                "rotation": [
                    [
                        0.3476403334760239,
                        0.00981878294503073,
                        0.9375765515637414
                    ],
                    [
                        -0.025845913350210985,
                        0.9996655462144121,
                        -0.0008857058961853511
                    ],
                    [
                        -0.9372716720907403,
                        -0.02392461521779453,
                        0.3477778392636716
                    ]
                ],
                "center": [
                    -4.33696502078844,
                    -0.3245435583135092,
                    1.2904998231586056
                ]
            }
        },
        {
            "key": 60,
            "value": {
                "rotation": [
                    [
                        -0.9357699673187728,
                        0.02983391638642998,
                        -0.3513467029833499
                    ],
                    [
                        0.02371248821767756,
                        0.9994829816480412,
                        0.021713758275984195
                    ],
                    [
                        0.35181285673884818,
                        0.01198777831747292,
                        -0.9359935934632575
                    ]
                ],
                "center": [
                    -4.487927781136805,
                    -0.3207721326144991,
                    1.029891774104984
                ]
            }
        },
        {
            "key": 61,
            "value": {
                "rotation": [
                    [
                        -0.7655783940166546,
                        0.03035500923165117,
                        -0.6426260934862716
                    ],
                    [
                        0.014772222451551092,
                        0.9994523217755067,
                        0.029611449498326286
                    ],
                    [
                        0.643172996991262,
                        0.013176870345283445,
                        -0.7656075143499976
                    ]
                ],
                "center": [
                    -4.261524761848024,
                    -0.3165426854637551,
                    0.9121142818174866
                ]
            }
        },
        {
            "key": 53,
            "value": {
                "rotation": [
                    [
                        0.3302743960224162,
                        0.005668701856079696,
                        0.9438679405252066
                    ],
                    [
                        -0.028201777374696505,
                        0.9995947791917893,
                        0.0038648629246000349
                    ],
                    [
                        -0.9434635568398687,
                        -0.027895218797936867,
                        0.3303004294324774
                    ]
                ],
                "center": [
                    -4.103013396085466,
                    -0.31723667730264706,
                    1.194068451799002
                ]
            }
        },
        {
            "key": 62,
            "value": {
                "rotation": [
                    [
                        -0.6334036394807838,
                        0.02914017520431329,
                        -0.7732727071878065
                    ],
                    [
                        0.009316842712169867,
                        0.999505456538956,
                        0.03003396062343286
                    ],
                    [
                        0.7737654851015092,
                        0.011819159780422346,
                        -0.6333618882816609
                    ]
                ],
                "center": [
                    -4.037657566937205,
                    -0.3110335593004787,
                    0.7889458585771673
                ]
            }
        },
        {
            "key": 52,
            "value": {
                "rotation": [
                    [
                        0.29528546298784849,
                        0.006168258398192924,
                        0.9553891604662391
                    ],
                    [
                        -0.030624495469509146,
                        0.9995264219319122,
                        0.0030119988757060214
                    ],
                    [
                        -0.954918130325993,
                        -0.03014771049884821,
                        0.2953345220701225
                    ]
                ],
                "center": [
                    -3.867979618745864,
                    -0.31101792483673337,
                    1.1062062353235918
                ]
            }
        },
        {
            "key": 51,
            "value": {
                "rotation": [
                    [
                        0.23901979076277159,
                        -0.002331544197851924,
                        0.9710118966961088
                    ],
                    [
                        -0.0304499238105411,
                        0.9994873108659005,
                        0.00989533010986475
                    ],
                    [
                        -0.9705371408470946,
                        -0.03193241800591394,
                        0.23882625257002725
                    ]
                ],
                "center": [
                    -3.637196573679245,
                    -0.3065386086595163,
                    1.009634838069414
                ]
            }
        },
        {
            "key": 64,
            "value": {
                "rotation": [
                    [
                        -0.4275720812457696,
                        0.03768812800449266,
                        -0.903195283616272
                    ],
                    [
                        0.0010105269698563922,
                        0.9991498437461357,
                        0.04121369405083339
                    ],
                    [
                        0.9039806934743707,
                        0.016709121747999889,
                        -0.4272466630367127
                    ]
                ],
                "center": [
                    -3.578023626375475,
                    -0.29747928375109347,
                    0.6033094001459938
                ]
            }
        },
        {
            "key": 41,
            "value": {
                "rotation": [
                    [
                        -0.9283480802837343,
                        0.012217448174953506,
                        -0.37151120547514795
                    ],
                    [
                        0.0035630644824898064,
                        0.9997062659899323,
                        0.023972615876474498
                    ],
                    [
                        0.3716949641910674,
                        0.020931213547229,
                        -0.9281189244350324
                    ]
                ],
                "center": [
                    -2.6616226875150077,
                    -0.30663555948810569,
                    1.687624998644623
                ]
            }
        },
        {
            "key": 63,
            "value": {
                "rotation": [
                    [
                        -0.5530426561635433,
                        0.033140849326981278,
                        -0.8324935462629479
                    ],
                    [
                        0.0033160299657799009,
                        0.999288199611073,
                        0.03757789327950791
                    ],
                    [
                        0.8331463403321404,
                        0.018021604366602909,
                        -0.5527588962352527
                    ]
                ],
                "center": [
                    -3.812420888250006,
                    -0.30178782279327856,
                    0.6742315293785216
                ]
            }
        },
        {
            "key": 50,
            "value": {
                "rotation": [
                    [
                        0.1156440288676005,
                        -0.010971627972490394,
                        0.9932301253822817
                    ],
                    [
                        -0.03291494765909289,
                        0.9993475085169583,
                        0.014871564865455333
                    ],
                    [
                        -0.9927452164618417,
                        -0.034411925266999179,
                        0.11520744156325019
                    ]
                ],
                "center": [
                    -3.4155431338915429,
                    -0.3015481607588552,
                    0.9199460483997128
                ]
            }
        },
        {
            "key": 65,
            "value": {
                "rotation": [
                    [
                        -0.3369041114490693,
                        0.037434312502872189,
                        -0.9407945003751619
                    ],
                    [
                        -0.0012176863333568729,
                        0.9991911534003246,
                        0.04019398221777133
                    ],
                    [
                        0.9415381760336151,
                        0.014687110470282079,
                        -0.3365860244533737
                    ]
                ],
                "center": [
                    -3.3287727587173858,
                    -0.2925230008140904,
                    0.5401070590066777
                ]
            }
        },
        {
            "key": 42,
            "value": {
                "rotation": [
                    [
                        -0.9330523663464563,
                        0.010976348613840327,
                        -0.3595730821771643
                    ],
                    [
                        0.0027371270953083328,
                        0.999722083589193,
                        0.023415031910016698
                    ],
                    [
                        0.3597301624697913,
                        0.020863253705748216,
                        -0.9328230994429047
                    ]
                ],
                "center": [
                    -2.596069093387131,
                    -0.2957492424547566,
                    1.4437892135266393
                ]
            }
        },
        {
            "key": 49,
            "value": {
                "rotation": [
                    [
                        -0.10665740762257464,
                        -0.022444313443423477,
                        0.9940424790688198
                    ],
                    [
                        -0.026474038278586289,
                        0.9994548576345043,
                        0.019725943526653496
                    ],
                    [
                        -0.9939433196598565,
                        -0.024212400641946579,
                        -0.1071934557643234
                    ]
                ],
                "center": [
                    -3.1873703628928866,
                    -0.2957947262177556,
                    0.8241257529815332
                ]
            }
        },
        {
            "key": 43,
            "value": {
                "rotation": [
                    [
                        -0.944188367244276,
                        0.008022665193959637,
                        -0.32930831147083708
                    ],
                    [
                        0.0009231992748013231,
                        0.9997638962205133,
                        0.021709433826735157
                    ],
                    [
                        0.3294047280530248,
                        0.020193777684326797,
                        -0.9439728473209115
                    ]
                ],
                "center": [
                    -2.5154797675971829,
                    -0.2920944408246657,
                    1.2424581803544364
                ]
            }
        },
        {
            "key": 66,
            "value": {
                "rotation": [
                    [
                        -0.25518454023791817,
                        0.03726283214622973,
                        -0.9661740690807243
                    ],
                    [
                        -0.0050611418281492899,
                        0.9991919383716408,
                        0.039872987554466058
                    ],
                    [
                        0.9668791213315953,
                        0.01506491399129631,
                        -0.2547897429243908
                    ]
                ],
                "center": [
                    -3.058464424342162,
                    -0.2850509454826049,
                    0.48356706464188906
                ]
            }
        },
        {
            "key": 48,
            "value": {
                "rotation": [
                    [
                        -0.5159508587453308,
                        -0.038067748760876578,
                        0.8557719076157118
                    ],
                    [
                        -0.02496828796173973,
                        0.9992559275460676,
                        0.029396868205770714
                    ],
                    [
                        -0.8562542239056198,
                        -0.006199820023725711,
                        -0.5165174404368724
                    ]
                ],
                "center": [
                    -2.9487440600607299,
                    -0.28874537368978778,
                    0.7231879907841547
                ]
            }
        },
        {
            "key": 47,
            "value": {
                "rotation": [
                    [
                        -0.8701388599596759,
                        -0.035852778343701808,
                        0.4915007046516952
                    ],
                    [
                        -0.028438323091315649,
                        0.9993411384845733,
                        0.022551068979325976
                    ],
                    [
                        -0.49198539223012457,
                        0.005645105614048495,
                        -0.8705851518460309
                    ]
                ],
                "center": [
                    -2.7445494755690338,
                    -0.28452343692060996,
                    0.7133991416596377
                ]
            }
        },
        {
            "key": 67,
            "value": {
                "rotation": [
                    [
                        -0.1465396764970918,
                        0.04650296564288407,
                        -0.9881111260372208
                    ],
                    [
                        -0.0062114677207346529,
                        0.9988314474276484,
                        0.0479286688563658
                    ],
                    [
                        0.9891852914802576,
                        0.013161071993027051,
                        -0.14607958551116036
                    ]
                ],
                "center": [
                    -2.785554354492848,
                    -0.28223553891186839,
                    0.46754086833812277
                ]
            }
        },
        {
            "key": 44,
            "value": {
                "rotation": [
                    [
                        -0.9752477757202294,
                        -0.002474160138120745,
                        -0.22110100516360466
                    ],
                    [
                        -0.006628050388498926,
                        0.9998151638606778,
                        0.0180473561026093
                    ],
                    [
                        0.2210154856583423,
                        0.01906611249987276,
                        -0.9750839135445468
                    ]
                ],
                "center": [
                    -2.4942422227034197,
                    -0.28613365575530205,
                    1.0026258258746992
                ]
            }
        },
        {
            "key": 45,
            "value": {
                "rotation": [
                    [
                        -0.996922376153069,
                        -0.021854146660856639,
                        0.07528726452093092
                    ],
                    [
                        -0.020606675855646254,
                        0.9996378555018226,
                        0.01730672579944603
                    ],
                    [
                        -0.07563822337614217,
                        0.015702041951372236,
                        -0.9970116875157774
                    ]
                ],
                "center": [
                    -2.5758802347692146,
                    -0.28342220199093268,
                    0.819936338587683
                ]
            }
        },
        {
            "key": 84,
            "value": {
                "rotation": [
                    [
                        0.9958827598980626,
                        0.045715516144740637,
                        0.07827911676454726
                    ],
                    [
                        -0.04694196214977927,
                        0.9988009178904681,
                        0.013898870842163743
                    ],
                    [
                        -0.07754985962170631,
                        -0.017516221190040313,
                        0.9968345907260017
                    ]
                ],
                "center": [
                    0.24066064300489715,
                    -0.13070686227468285,
                    5.29849049892213
                ]
            }
        },
        {
            "key": 1,
            "value": {
                "rotation": [
                    [
                        0.9996406307189149,
                        0.02667594729588027,
                        -0.0026463657641202207
                    ],
                    [
                        -0.026612222870600719,
                        0.9994093970877236,
                        0.02174043713080107
                    ],
                    [
                        0.0032247495678836325,
                        -0.021662198610027,
                        0.9997601463059048
                    ]
                ],
                "center": [
                    0.005801486554470062,
                    -0.03654326584875872,
                    -0.004134716850962099
                ]
            }
        },
        {
            "key": 128,
            "value": {
                "rotation": [
                    [
                        0.9219726991242097,
                        0.05767373333140981,
                        0.3829361337785154
                    ],
                    [
                        -0.06018770310124276,
                        0.9981723421145373,
                        -0.005423636508443168
                    ],
                    [
                        -0.3825490588996609,
                        -0.01804760153584111,
                        0.9237588979889652
                    ]
                ],
                "center": [
                    -0.8877854162797781,
                    -0.3363662702096253,
                    5.311624428949141
                ]
            }
        },
        {
            "key": 2,
            "value": {
                "rotation": [
                    [
                        0.9997005061354918,
                        0.021438579065985509,
                        -0.011801921880481459
                    ],
                    [
                        -0.021146328418818886,
                        0.9994797108784873,
                        0.024354472621241339
                    ],
                    [
                        0.012317906755814967,
                        -0.024097611290060038,
                        0.9996337200711409
                    ]
                ],
                "center": [
                    0.20348729096467545,
                    -0.06864183346167437,
                    2.117320787401134
                ]
            }
        },
        {
            "key": 129,
            "value": {
                "rotation": [
                    [
                        0.636266424549598,
                        0.04561186895307283,
                        0.7701198571660636
                    ],
                    [
                        -0.046113153530450968,
                        0.998714357432506,
                        -0.02105253736853202
                    ],
                    [
                        -0.7700900038712018,
                        -0.02211763253117499,
                        0.6375517204657738
                    ]
                ],
                "center": [
                    -1.0835693270264955,
                    -0.3429841527180243,
                    5.339672997061399
                ]
            }
        },
        {
            "key": 117,
            "value": {
                "rotation": [
                    [
                        0.997822270215266,
                        0.04110761735513299,
                        0.05158372667650758
                    ],
                    [
                        -0.0423538252466608,
                        0.9988308890504237,
                        0.02330254418975648
                    ],
                    [
                        -0.05056550750687656,
                        -0.025436565690442657,
                        0.9983967701151921
                    ]
                ],
                "center": [
                    -1.2121949238220127,
                    -0.3262940642828751,
                    4.263021677706882
                ]
            }
        },
        {
            "key": 22,
            "value": {
                "rotation": [
                    [
                        -0.9295187221694006,
                        0.00473371274335109,
                        -0.36874454179042207
                    ],
                    [
                        -0.0024353008614622164,
                        0.9998170143869835,
                        0.018973851796954344
                    ],
                    [
                        0.3687668836084377,
                        0.018534554377218287,
                        -0.9293371056014922
                    ]
                ],
                "center": [
                    -3.071429593903558,
                    -0.3426998515006238,
                    3.52944884337481
                ]
            }
        },
        {
            "key": 149,
            "value": {
                "rotation": [
                    [
                        0.13005662961743276,
                        0.001685364370339215,
                        0.9915051349536689
                    ],
                    [
                        -0.02567708505158933,
                        0.9996688963142888,
                        0.0016688454168245547
                    ],
                    [
                        -0.991174031336479,
